0.0,0.8512337004974033,0.19054766770792242,0.9217523063352456,0.8973933743284681,0.08856572297518461,0.37304693827189106,0.0,0.6974622646940399,0.21516624462897138
0.8512337004974033,0.0,0.3056479278030948,0.02597357301260328,0.2468784140196495,0.058067627521253384,0.6907540624707631,0.4621683528059677,0.0,0.6966720959287432
0.19054766770792242,0.3056479278030948,0.0,0.8229395872186174,0.4810031263771303,0.6966264137353092,0.5052905446165182,0.08182701298984074,0.09518057989653028,0.0
0.9217523063352456,0.02597357301260328,0.8229395872186174,0.0,0.41931017362198775,0.0,0.6981125574729388,0.14598759434565745,0.14501866015340226,0.430109607834422
0.8973933743284681,0.2468784140196495,0.4810031263771303,0.41931017362198775,0.0,0.7541981719081188,0.0,0.7627025538511935,0.09977796264227068,0.7547380777950443
0.08856572297518461,0.058067627521253384,0.6966264137353092,0.0,0.7541981719081188,0.0,0.9649013517742218,0.41794086253590257,0.9568667695411505,0.7423866061869524
0.37304693827189106,0.6907540624707631,0.5052905446165182,0.6981125574729388,0.0,0.9649013517742218,0.0,0.7463854029448451,0.11694652785162807,0.04732362385467448
0.0,0.4621683528059677,0.08182701298984074,0.14598759434565745,0.7627025538511935,0.41794086253590257,0.7463854029448451,0.0,0.05795416002887144,0.27422329094760434
0.6974622646940399,0.0,0.09518057989653028,0.14501866015340226,0.09977796264227068,0.9568667695411505,0.11694652785162807,0.05795416002887144,0.0,0.7639650550867381
0.21516624462897138,0.6966720959287432,0.0,0.430109607834422,0.7547380777950443,0.7423866061869524,0.04732362385467448,0.27422329094760434,0.7639650550867381,0.0

0.0,0.1846777723272499,0.9650641785518232,0.8681015588364622,0.0,0.32616347005225954,0.28902727979389575,0.8627643535169319,0.016491118937170923,0.09357130081744314
0.1846777723272499,0.0,0.4837226320491722,0.7927711153499891,0.3318350666363612,0.0,0.3263956236604275,0.45124293246098957,0.21470110704195833,0.9043814477472791
0.9650641785518232,0.4837226320491722,0.0,0.2010085878042196,0.08597740536362763,0.7358684992586988,0.23443762773244992,0.5465306436713512,0.0,0.5772330641924144
0.8681015588364622,0.7927711153499891,0.2010085878042196,0.0,0.8902567288722938,0.5752653252377276,0.9281705536814638,0.0,0.07892209852672616,0.5371814409682059
0.0,0.3318350666363612,0.08597740536362763,0.8902567288722938,0.0,0.6907057067298967,0.8075450634823514,0.9186386348815516,0.9599449251814933,0.82958136929708
0.32616347005225954,0.0,0.7358684992586988,0.5752653252377276,0.6907057067298967,0.0,0.3864806576238161,0.09567581840482386,0.5059264218010463,0.5863233754184783
0.28902727979389575,0.3263956236604275,0.23443762773244992,0.9281705536814638,0.8075450634823514,0.3864806576238161,0.0,0.4446455545656979,0.1272071486734372,0.0
0.8627643535169319,0.45124293246098957,0.5465306436713512,0.0,0.9186386348815516,0.09567581840482386,0.4446455545656979,0.0,0.9485302416806024,0.6468524935935283
0.016491118937170923,0.21470110704195833,0.0,0.07892209852672616,0.9599449251814933,0.5059264218010463,0.1272071486734372,0.9485302416806024,0.0,0.5653728524806267
0.09357130081744314,0.9043814477472791,0.5772330641924144,0.5371814409682059,0.82958136929708,0.5863233754184783,0.0,0.6468524935935283,0.5653728524806267,0.0

0.0,0.3719110233421846,0.0,0.07040108029349734,0.1367586591597444,0.0034269199987025933,0.8102831309625491,0.9578217408095868,0.24278627968079958,0.9275552502213336
0.3719110233421846,0.0,0.5643892754703396,0.6355197107131448,0.0,0.2522498080738973,0.3008498791509294,0.926193688131123,0.6679001005938636,0.18772759993230126
0.0,0.5643892754703396,0.0,0.6464779109310881,0.4929790528733511,0.7021292109253365,0.5688223909889222,0.8196267159166378,0.7136489800048782,0.5438205980887528
0.07040108029349734,0.6355197107131448,0.6464779109310881,0.0,0.04604010542782888,0.7109421110476296,0.5379328644336661,0.2186398158864078,0.6388581017534222,0.0
0.1367586591597444,0.0,0.4929790528733511,0.04604010542782888,0.0,0.4566034084911421,0.49702577100486733,0.13701794044095916,0.41958696491214886,0.4864508167167507
0.0034269199987025933,0.2522498080738973,0.7021292109253365,0.7109421110476296,0.4566034084911421,0.0,0.0,0.9488803900220585,0.3374487820420703,0.43155410580053655
0.8102831309625491,0.3008498791509294,0.5688223909889222,0.5379328644336661,0.49702577100486733,0.0,0.0,0.45296339371846983,0.8039017197355878,0.016934153536244945
0.9578217408095868,0.926193688131123,0.8196267159166378,0.2186398158864078,0.13701794044095916,0.9488803900220585,0.45296339371846983,0.0,0.0,0.605809675392633
0.24278627968079958,0.6679001005938636,0.7136489800048782,0.6388581017534222,0.41958696491214886,0.3374487820420703,0.8039017197355878,0.0,0.0,0.4153378236060885
0.9275552502213336,0.18772759993230126,0.5438205980887528,0.0,0.4864508167167507,0.43155410580053655,0.016934153536244945,0.605809675392633,0.4153378236060885,0.0

0.0,0.0026467638621459066,0.6197533605566149,0.6515177282189689,0.0,0.6283135099825776,0.17863681543486398,0.028633971841958483,0.49415193550600645,0.9782712232144274
0.0026467638621459066,0.0,0.06625382872392405,0.5732784951404036,0.019994827036787788,0.7662086638843193,0.614224192330893,0.0,0.584634101734525,0.33013671535239697
0.6197533605566149,0.06625382872392405,0.0,0.11675871979025054,0.9333010138910891,0.0,0.07117207425390815,0.9954930600583163,0.3413879292209574,0.9958340303071396
0.6515177282189689,0.5732784951404036,0.11675871979025054,0.0,0.6410239869586408,0.2591803133197791,0.0,0.7368842207166938,0.7430014102091799,0.9180109111631238
0.0,0.019994827036787788,0.9333010138910891,0.6410239869586408,0.0,0.6387587910656284,0.026920099690487476,0.4971624322261434,0.4301906219775,0.7297420715933596
0.6283135099825776,0.7662086638843193,0.0,0.2591803133197791,0.6387587910656284,0.0,0.3945476125135102,0.49782114614097284,0.648034454689259,0.8464911372753426
0.17863681543486398,0.614224192330893,0.07117207425390815,0.0,0.026920099690487476,0.3945476125135102,0.0,0.4917694830125463,0.8704001782165393,0.5078529629744439
0.028633971841958483,0.0,0.9954930600583163,0.7368842207166938,0.4971624322261434,0.49782114614097284,0.4917694830125463,0.0,0.0031316166709336457,0.3839779952904433
0.49415193550600645,0.584634101734525,0.3413879292209574,0.7430014102091799,0.4301906219775,0.648034454689259,0.8704001782165393,0.0031316166709336457,0.0,0.0
0.9782712232144274,0.33013671535239697,0.9958340303071396,0.9180109111631238,0.7297420715933596,0.8464911372753426,0.5078529629744439,0.3839779952904433,0.0,0.0

0.0,0.8390667660739053,0.6562038695781015,0.5608794945679941,0.23500079149749575,0.6952667309791998,0.0,0.42635336842040783,0.2905369010913593,0.41737170178084515
0.8390667660739053,0.0,0.5155085462509953,0.0,0.4575651406558703,0.5330815419117324,0.10826530099481424,0.7567896589246169,0.523120274377449,0.037766473453531235
0.6562038695781015,0.5155085462509953,0.0,0.33968398288698143,0.3188890354447913,0.7095960002415487,0.8716653341558837,0.24061262486500856,0.2124363048325174,0.0
0.5608794945679941,0.0,0.33968398288698143,0.0,0.8980947214727238,0.02425216337852909,0.8256496807912058,0.2411728202534844,0.8756001772451021,0.4340462651634849
0.23500079149749575,0.4575651406558703,0.3188890354447913,0.8980947214727238,0.0,0.6863312962536893,0.4606506415655903,0.8774125214960847,0.0,0.8943530014539598
0.6952667309791998,0.5330815419117324,0.7095960002415487,0.02425216337852909,0.6863312962536893,0.0,0.4481675507981233,0.0,0.03054437204823046,0.37628278911606816
0.0,0.10826530099481424,0.8716653341558837,0.8256496807912058,0.4606506415655903,0.4481675507981233,0.0,0.7892277591131152,0.4955043472308799,0.5759120888553934
0.42635336842040783,0.7567896589246169,0.24061262486500856,0.2411728202534844,0.8774125214960847,0.0,0.7892277591131152,0.0,0.6246484115747755,0.48456285499507845
0.2905369010913593,0.523120274377449,0.2124363048325174,0.8756001772451021,0.0,0.03054437204823046,0.4955043472308799,0.6246484115747755,0.0,0.5652492680893589
0.41737170178084515,0.037766473453531235,0.0,0.4340462651634849,0.8943530014539598,0.37628278911606816,0.5759120888553934,0.48456285499507845,0.5652492680893589,0.0

0.0,0.298147821703436,0.7235117525385188,0.04299300464767475,0.954603432206962,0.0,0.2667199704053226,0.13324925074037497,0.8057704029560596,0.39323291005662364
0.298147821703436,0.0,0.12126663500053236,0.0,0.8748368297093418,0.6973800140508655,0.026571473257381628,0.6094858496295233,0.3766611300954702,0.034357407294485
0.7235117525385188,0.12126663500053236,0.0,0.823386923318967,0.0,0.3271170588667056,0.9837603737826821,0.12675650858877696,0.9981404333832585,0.04162332098803234
0.04299300464767475,0.0,0.823386923318967,0.0,0.5561884917055394,0.9766432550127234,0.37913062676371023,0.2559304580799102,0.8087758890569152,0.17948339765338184
0.954603432206962,0.8748368297093418,0.0,0.5561884917055394,0.0,0.648474537013773,0.9239689815317672,0.7363994922107625,0.353836890406106,0.5526121203921556
0.0,0.6973800140508655,0.3271170588667056,0.9766432550127234,0.648474537013773,0.0,0.4504153967869733,0.40925918971754505,0.1494101397326556,0.011978514709908072
0.2667199704053226,0.026571473257381628,0.9837603737826821,0.37913062676371023,0.9239689815317672,0.4504153967869733,0.0,0.6323624909754032,0.3676604063661435,0.0
0.13324925074037497,0.6094858496295233,0.12675650858877696,0.2559304580799102,0.7363994922107625,0.40925918971754505,0.6323624909754032,0.0,0.0,0.4616958125757189
0.8057704029560596,0.3766611300954702,0.9981404333832585,0.8087758890569152,0.353836890406106,0.1494101397326556,0.3676604063661435,0.0,0.0,0.3500666196728779
0.39323291005662364,0.034357407294485,0.04162332098803234,0.17948339765338184,0.5526121203921556,0.011978514709908072,0.0,0.4616958125757189,0.3500666196728779,0.0

0.0,0.8766669694763307,0.4594194252645355,0.6758106007293239,0.0,0.7328601629974485,0.23847346134217473,0.31756532779388713,0.21942216900421407,0.6111203638495812
0.8766669694763307,0.0,0.8850255411344011,0.0079283519199983,0.48868355291821086,0.3964716863653155,0.16161571067855462,0.24004301952493567,0.0,0.7209499661872797
0.4594194252645355,0.8850255411344011,0.0,0.38517692446270535,0.39187439787603007,0.5579532618036774,0.904679549301975,0.0,0.599381131319851,0.4573370189918491
0.6758106007293239,0.0079283519199983,0.38517692446270535,0.0,0.5118920948275816,0.13490121468733207,0.25081817873299184,0.8418283852042591,0.2806167115042827,0.0
0.0,0.48868355291821086,0.39187439787603007,0.5118920948275816,0.0,0.7191935223205362,0.3605038478953596,0.2029876952605134,0.716679952300506,0.5530589477612022
0.7328601629974485,0.3964716863653155,0.5579532618036774,0.13490121468733207,0.7191935223205362,0.0,0.0,0.7977700635333073,0.4575575134136577,0.6103752373218535
0.23847346134217473,0.16161571067855462,0.904679549301975,0.25081817873299184,0.3605038478953596,0.0,0.0,0.4436383750861673,0.5117032023810335,0.876022103036726
0.31756532779388713,0.24004301952493567,0.0,0.8418283852042591,0.2029876952605134,0.7977700635333073,0.4436383750861673,0.0,0.7889553790614398,0.4934524939364703
0.21942216900421407,0.0,0.599381131319851,0.2806167115042827,0.716679952300506,0.4575575134136577,0.5117032023810335,0.7889553790614398,0.0,0.9885095361378134
0.6111203638495812,0.7209499661872797,0.4573370189918491,0.0,0.5530589477612022,0.6103752373218535,0.876022103036726,0.4934524939364703,0.9885095361378134,0.0

0.0,0.5491430618629524,0.5938240831330148,0.0,0.8471545279940533,0.9940725813223238,0.5978942775204135,0.6445974672898629,0.8721670058595448,0.13674905480216448
0.5491430618629524,0.0,0.9609565273261523,0.4017752876906755,0.08390544377753584,0.20405954102098922,0.5222913564274498,0.26642759633752466,0.0,0.4700790426218243
0.5938240831330148,0.9609565273261523,0.0,0.03473378393637294,0.34210423602433204,0.08108879087128018,0.532704980703244,0.0,0.8598634960160726,0.3572425361238579
0.0,0.4017752876906755,0.03473378393637294,0.0,0.25531816335852264,0.3280572115915501,0.0002960241613004788,0.4824207482014966,0.9853858663241746,0.5012482550612152
0.8471545279940533,0.08390544377753584,0.34210423602433204,0.25531816335852264,0.0,0.22607653143583673,0.5722718462562902,0.22244718264255126,0.42624920097393304,0.0
0.9940725813223238,0.20405954102098922,0.08108879087128018,0.3280572115915501,0.22607653143583673,0.0,0.0,0.4071013064240372,0.446231116428799,0.47302213513179936
0.5978942775204135,0.5222913564274498,0.532704980703244,0.0002960241613004788,0.5722718462562902,0.0,0.0,0.717684638714403,0.9607375379016669,0.7037777011968426
0.6445974672898629,0.26642759633752466,0.0,0.4824207482014966,0.22244718264255126,0.4071013064240372,0.717684638714403,0.0,0.5861612265520231,0.5918583199036731
0.8721670058595448,0.0,0.8598634960160726,0.9853858663241746,0.42624920097393304,0.446231116428799,0.9607375379016669,0.5861612265520231,0.0,0.621177634212662
0.13674905480216448,0.4700790426218243,0.3572425361238579,0.5012482550612152,0.0,0.47302213513179936,0.7037777011968426,0.5918583199036731,0.621177634212662,0.0

0.0,0.0,0.38445507921510524,0.24509869536243356,0.45820806216065935,0.5917791076397162,0.5175330788465999,0.7156823103900356,0.22988095448719226,0.01742248851534567
0.0,0.0,0.2216315642179113,0.7366991928547747,0.5930156078326497,0.5480554210597895,0.1265303085950319,0.11201383245211138,0.8244685526530628,0.3893311561904953
0.38445507921510524,0.2216315642179113,0.0,0.4182713564530838,0.5672868252550962,0.43674855938768253,0.0558595898006502,0.7695892059095222,0.21555574771532948,0.0
0.24509869536243356,0.7366991928547747,0.4182713564530838,0.0,0.3026697611326379,0.0,0.46545174298765346,0.6530214286947871,0.42532337001611753,0.7728765162997361
0.45820806216065935,0.5930156078326497,0.5672868252550962,0.3026697611326379,0.0,0.6269734922634407,0.7415858445093034,0.5550019431841962,0.0,0.5596098599203335
0.5917791076397162,0.5480554210597895,0.43674855938768253,0.0,0.6269734922634407,0.0,0.27725115393675825,0.23839629878507407,0.5252668087520594,0.9276696993233495
0.5175330788465999,0.1265303085950319,0.0558595898006502,0.46545174298765346,0.7415858445093034,0.27725115393675825,0.0,0.0,0.8241598438263461,0.9056605417072351
0.7156823103900356,0.11201383245211138,0.7695892059095222,0.6530214286947871,0.5550019431841962,0.23839629878507407,0.0,0.0,0.5033024104939947,0.5224314292993117
0.22988095448719226,0.8244685526530628,0.21555574771532948,0.42532337001611753,0.0,0.5252668087520594,0.8241598438263461,0.5033024104939947,0.0,0.3696694927449664
0.01742248851534567,0.3893311561904953,0.0,0.7728765162997361,0.5596098599203335,0.9276696993233495,0.9056605417072351,0.5224314292993117,0.3696694927449664,0.0

0.0,0.9394351955703021,0.4358017283029606,0.09100312602270177,0.11482149349254245,0.9284487234358263,0.422229302675746,0.6205658879582238,0.5471136574204959,0.0
0.9394351955703021,0.0,0.31723951919489923,0.0,0.27070141334395426,0.3658226645480478,0.902405373351736,0.1275494000496834,0.9146672215815607,0.7255487529829668
0.4358017283029606,0.31723951919489923,0.0,0.7875946629207156,0.1912722975645309,0.0,0.44855629467250824,0.3066743857529045,0.06201128420839175,0.5371946839343545
0.09100312602270177,0.0,0.7875946629207156,0.0,0.6474678527198658,0.8748870673931609,0.3796806654054333,0.48314368596810053,0.48570530178921356,0.2744787064880846
0.11482149349254245,0.27070141334395426,0.1912722975645309,0.6474678527198658,0.0,0.6699411303992366,0.8858302046958821,0.0,0.36432495264106546,0.38060092288973
0.9284487234358263,0.3658226645480478,0.0,0.8748870673931609,0.6699411303992366,0.0,0.7174565135401657,0.16334254629459843,0.14894470381504654,0.9768834578319994
0.422229302675746,0.902405373351736,0.44855629467250824,0.3796806654054333,0.8858302046958821,0.7174565135401657,0.0,0.17425426856531567,0.0,0.2235921831522416
0.6205658879582238,0.1275494000496834,0.3066743857529045,0.48314368596810053,0.0,0.16334254629459843,0.17425426856531567,0.0,0.5888527646755756,0.17789232428432766
0.5471136574204959,0.9146672215815607,0.06201128420839175,0.48570530178921356,0.36432495264106546,0.14894470381504654,0.0,0.5888527646755756,0.0,0.4498887448344734
0.0,0.7255487529829668,0.5371946839343545,0.2744787064880846,0.38060092288973,0.9768834578319994,0.2235921831522416,0.17789232428432766,0.4498887448344734,0.0

0.0,0.31510635187286884,0.8440859210824784,0.710521035515462,0.3187947394896088,0.4271684272651154,0.7621977575702703,0.2320673110684196,0.05363082492257931,0.0
0.31510635187286884,0.0,0.19547291979755987,0.6619705570104253,0.0,0.49854788709248055,0.17900281149501196,0.32563602967479943,0.5205737011705757,0.473029704498782
0.8440859210824784,0.19547291979755987,0.0,0.0,0.6951764882712641,0.2554294067091064,0.23169095160819264,0.1866324003164227,0.7611537684933489,0.35713015765756484
0.710521035515462,0.6619705570104253,0.0,0.0,0.45695613528160084,0.8388365647509737,0.7923788577985774,0.2176404110472111,0.9555051974431847,0.6032806249682785
0.3187947394896088,0.0,0.6951764882712641,0.45695613528160084,0.0,0.48909661305183527,0.08456951941788737,0.819948183449587,0.6162218433210003,0.2344122275328413
0.4271684272651154,0.49854788709248055,0.2554294067091064,0.8388365647509737,0.48909661305183527,0.0,0.8279512360476851,0.0,0.08049966164710254,0.1401752897870686
0.7621977575702703,0.17900281149501196,0.23169095160819264,0.7923788577985774,0.08456951941788737,0.8279512360476851,0.0,0.3382605866989855,0.0,0.3409512415544498
0.2320673110684196,0.32563602967479943,0.1866324003164227,0.2176404110472111,0.819948183449587,0.0,0.3382605866989855,0.0,0.7926263975676139,0.2900858905028152
0.05363082492257931,0.5205737011705757,0.7611537684933489,0.9555051974431847,0.6162218433210003,0.08049966164710254,0.0,0.7926263975676139,0.0,0.774374928843265
0.0,0.473029704498782,0.35713015765756484,0.6032806249682785,0.2344122275328413,0.1401752897870686,0.3409512415544498,0.2900858905028152,0.774374928843265,0.0

0.0,0.1628520588340242,0.09373787350106311,0.1846966271916688,0.48626945185181236,0.4809345688093106,0.625460604784318,0.8699420782108931,0.6804463323387075,0.0
0.1628520588340242,0.0,0.7109700977742915,0.04150052323608877,0.7568629573765926,0.44518419096493167,0.0,0.39919726991683213,0.6703105276186043,0.39130977349298157
0.09373787350106311,0.7109700977742915,0.0,0.5770697498377025,0.2780681991915156,0.0,0.07124540429713844,0.8881809753646166,0.6455067018067978,0.0483625620025383
0.1846966271916688,0.04150052323608877,0.5770697498377025,0.0,0.5647851220432869,0.8981052370455422,0.9562777879453728,0.5963038690906852,0.0,0.6232018703290713
0.48626945185181236,0.7568629573765926,0.2780681991915156,0.5647851220432869,0.0,0.0189244646912492,0.641354783329191,0.0,0.20608056495584237,0.36807087701966756
0.4809345688093106,0.44518419096493167,0.0,0.8981052370455422,0.0189244646912492,0.0,0.6826911372151367,0.8510447051306976,0.8324027151589773,0.4653208808834298
0.625460604784318,0.0,0.07124540429713844,0.9562777879453728,0.641354783329191,0.6826911372151367,0.0,0.7354740648190584,0.22907728405926997,0.0066261590896227185
0.8699420782108931,0.39919726991683213,0.8881809753646166,0.5963038690906852,0.0,0.8510447051306976,0.7354740648190584,0.0,0.8869658593228053,0.19917910486315527
0.6804463323387075,0.6703105276186043,0.6455067018067978,0.0,0.20608056495584237,0.8324027151589773,0.22907728405926997,0.8869658593228053,0.0,0.3767764818527286
0.0,0.39130977349298157,0.0483625620025383,0.6232018703290713,0.36807087701966756,0.4653208808834298,0.0066261590896227185,0.19917910486315527,0.3767764818527286,0.0

0.0,0.8327613683421959,0.9884451544833892,0.08865252171355342,0.41125642171218435,0.7201696063688001,0.7891603156697566,0.6531691532352635,0.0,0.3301027739239105
0.8327613683421959,0.0,0.521176057795036,0.15273130702912197,0.04428812757828282,0.0,0.36313335536998126,0.06741985355068947,0.9598187942796969,0.27637898241180514
0.9884451544833892,0.521176057795036,0.0,0.45842895453312016,0.4694795748123295,0.28737551680553475,0.17206847933563985,0.0,0.1372095599207196,0.5004204652162915
0.08865252171355342,0.15273130702912197,0.45842895453312016,0.0,0.0,0.04228790539619076,0.8768739915189385,0.24898340858645662,0.3001775960599917,0.5135237176062893
0.41125642171218435,0.04428812757828282,0.4694795748123295,0.0,0.0,0.516045456020741,0.6770347823052761,0.5485368433409439,0.8750116927081164,0.6491711572274673
0.7201696063688001,0.0,0.28737551680553475,0.04228790539619076,0.516045456020741,0.0,0.17104600439063333,0.2115158997785207,0.22390085440227214,0.8121950789349677
0.7891603156697566,0.36313335536998126,0.17206847933563985,0.8768739915189385,0.6770347823052761,0.17104600439063333,0.0,0.7261856495291529,0.7040232816430491,0.0
0.6531691532352635,0.06741985355068947,0.0,0.24898340858645662,0.5485368433409439,0.2115158997785207,0.7261856495291529,0.0,0.09138599029534955,0.9351004297053265
0.0,0.9598187942796969,0.1372095599207196,0.3001775960599917,0.8750116927081164,0.22390085440227214,0.7040232816430491,0.09138599029534955,0.0,0.40092798839356414
0.3301027739239105,0.27637898241180514,0.5004204652162915,0.5135237176062893,0.6491711572274673,0.8121950789349677,0.0,0.9351004297053265,0.40092798839356414,0.0

0.0,0.3603711866249323,0.4195776183518892,0.6416582414507659,0.8053077973451045,0.1792875933115221,0.8393258553785584,0.0,0.7025730429329249,0.5218393372713165
0.3603711866249323,0.0,0.14715230365301069,0.3329322960417981,0.47414062652522715,0.07033316098407894,0.0,0.12164282763004597,0.5614755882316832,0.8413554478421749
0.4195776183518892,0.14715230365301069,0.0,0.0,0.7649724741048926,0.15173301021976782,0.26430068169697973,0.6205878555249097,0.24095915829673187,0.07821041017402408
0.6416582414507659,0.3329322960417981,0.0,0.0,0.6277870567722892,0.978073537404889,0.4451797565636263,0.08695966251008991,0.9073516865532946,0.17959210818506877
0.8053077973451045,0.47414062652522715,0.7649724741048926,0.6277870567722892,0.0,0.3145584927065749,0.9629110144122123,0.2890339634461787,0.0,0.611743952469346
0.1792875933115221,0.07033316098407894,0.15173301021976782,0.978073537404889,0.3145584927065749,0.0,0.3567525455151104,0.6238673784258962,0.025498141429260657,0.0
0.8393258553785584,0.0,0.26430068169697973,0.4451797565636263,0.9629110144122123,0.3567525455151104,0.0,0.37398519785958184,0.9027966285373333,0.03322070501377472
0.0,0.12164282763004597,0.6205878555249097,0.08695966251008991,0.2890339634461787,0.6238673784258962,0.37398519785958184,0.0,0.06142678071741248,0.748243877281194
0.7025730429329249,0.5614755882316832,0.24095915829673187,0.9073516865532946,0.0,0.025498141429260657,0.9027966285373333,0.06142678071741248,0.0,0.23734141383968288
0.5218393372713165,0.8413554478421749,0.07821041017402408,0.17959210818506877,0.611743952469346,0.0,0.03322070501377472,0.748243877281194,0.23734141383968288,0.0

0.0,0.41967433735712245,0.7997505134256162,0.11580872690555277,0.19888460783646544,0.0,0.2155244100695971,0.6550236105936126,0.46316115819526293,0.29463537119302863
0.41967433735712245,0.0,0.7149304246130828,0.0,0.028307714540576123,0.18443196023833075,0.7396555893859039,0.4737517750822924,0.06525953327219047,0.9850609233272078
0.7997505134256162,0.7149304246130828,0.0,0.7225179554319838,0.32056690590353265,0.5817576946405295,0.7708849470056209,0.0,0.20766168493272463,0.08474984608471203
0.11580872690555277,0.0,0.7225179554319838,0.0,0.8640797462763118,0.6203456833491808,0.8555669510227173,0.8861463051746918,0.1780705009911393,0.31326974389557405
0.19888460783646544,0.028307714540576123,0.32056690590353265,0.8640797462763118,0.0,0.2661699943064645,0.0,0.9481079234991091,0.8906513045199733,0.9086913992811306
0.0,0.18443196023833075,0.5817576946405295,0.6203456833491808,0.2661699943064645,0.0,0.9130872120889028,0.27120103223715697,0.7485447700207513,0.22897284297159226
0.2155244100695971,0.7396555893859039,0.7708849470056209,0.8555669510227173,0.0,0.9130872120889028,0.0,0.9079463101072117,0.3468391025658103,0.17327213818853637
0.6550236105936126,0.4737517750822924,0.0,0.8861463051746918,0.9481079234991091,0.27120103223715697,0.9079463101072117,0.0,0.481278020597226,0.5353465141809561
0.46316115819526293,0.06525953327219047,0.20766168493272463,0.1780705009911393,0.8906513045199733,0.7485447700207513,0.3468391025658103,0.481278020597226,0.0,0.0
0.29463537119302863,0.9850609233272078,0.08474984608471203,0.31326974389557405,0.9086913992811306,0.22897284297159226,0.17327213818853637,0.5353465141809561,0.0,0.0

0.0,0.37352242559171633,0.5249742872072413,0.4418321879872624,0.0,0.7678064704485017,0.7623477527072161,0.859745583119056,0.47931990194200946,0.5932104791560457
0.37352242559171633,0.0,0.4145944485653936,0.8541127212191173,0.6139954714307334,0.8423200829997944,0.0,0.8879443188323672,0.63630837236818,0.9895124922742107
0.5249742872072413,0.4145944485653936,0.0,0.8721143626178273,0.12789143743837283,0.39633254576913834,0.345947399060879,0.0,0.8575706731751025,0.5376125777339925
0.4418321879872624,0.8541127212191173,0.8721143626178273,0.0,0.947908665674403,0.8014073575321013,0.04683212132972858,0.17718238583620727,0.0,0.41553826453683396
0.0,0.6139954714307334,0.12789143743837283,0.947908665674403,0.0,0.6739608758951786,0.2667688374015347,0.3338713867160418,0.3661624122600303,0.35513992524542715
0.7678064704485017,0.8423200829997944,0.39633254576913834,0.8014073575321013,0.6739608758951786,0.0,0.003490749371221069,0.5811481516317469,0.01691113439942782,0.0
0.7623477527072161,0.0,0.345947399060879,0.04683212132972858,0.2667688374015347,0.003490749371221069,0.0,0.1482144445231518,0.1635918500434257,0.32238930838321744
0.859745583119056,0.8879443188323672,0.0,0.17718238583620727,0.3338713867160418,0.5811481516317469,0.1482144445231518,0.0,0.16258125430913617,0.16978607947312463
0.47931990194200946,0.63630837236818,0.8575706731751025,0.0,0.3661624122600303,0.01691113439942782,0.1635918500434257,0.16258125430913617,0.0,0.20847505329373484
0.5932104791560457,0.9895124922742107,0.5376125777339925,0.41553826453683396,0.35513992524542715,0.0,0.32238930838321744,0.16978607947312463,0.20847505329373484,0.0

0.0,0.9609379506746795,0.0,0.9963356061479101,0.25192339353142845,0.08653452958060892,0.6485664984074919,0.5667890490236556,0.9147686811481262,0.19339148707733733
0.9609379506746795,0.0,0.7964399966440084,0.2294590455519263,0.6904936040313097,0.0,0.44018434805377316,0.09937458897509699,0.9262951404670906,0.6000686869828827
0.0,0.7964399966440084,0.0,0.2938622366901755,0.9795581092250365,0.2761605495378926,0.12483984322105446,0.5244503494724887,0.8356488969183586,0.876144599817862
0.9963356061479101,0.2294590455519263,0.2938622366901755,0.0,0.05809315177629537,0.20735703445650655,0.2577341551152448,0.6039004933335546,0.5238670950710768,0.0
0.25192339353142845,0.6904936040313097,0.9795581092250365,0.05809315177629537,0.0,0.36169902505647,0.7313752377224974,0.6334580212954569,0.0,0.5986700366187466
0.08653452958060892,0.0,0.2761605495378926,0.20735703445650655,0.36169902505647,0.0,0.5320312605594819,0.8426393051554474,0.1729517264052105,0.86663147374273
0.6485664984074919,0.44018434805377316,0.12483984322105446,0.2577341551152448,0.7313752377224974,0.5320312605594819,0.0,0.0,0.8736548975109021,0.6158736059976004
0.5667890490236556,0.09937458897509699,0.5244503494724887,0.6039004933335546,0.6334580212954569,0.8426393051554474,0.0,0.0,0.0008487145883693259,0.3993690324283965
0.9147686811481262,0.9262951404670906,0.8356488969183586,0.5238670950710768,0.0,0.1729517264052105,0.8736548975109021,0.0008487145883693259,0.0,0.473253044547538
0.19339148707733733,0.6000686869828827,0.876144599817862,0.0,0.5986700366187466,0.86663147374273,0.6158736059976004,0.3993690324283965,0.473253044547538,0.0

0.0,0.07315255422105138,0.8696020313928612,0.6071571110775688,0.3331420888540292,0.0,0.04626480857454518,0.07685800536641929,0.8288172924504602,0.8582413111678864
0.07315255422105138,0.0,0.3309784192424806,0.6553816085575923,0.2176186724815602,0.3198353301354062,0.4203556898623988,0.0,0.7864834693905208,0.1380311953678791
0.8696020313928612,0.3309784192424806,0.0,0.7749256385017526,0.5176734950224245,0.7771561933510717,0.0,0.5594872406643683,0.9563886696494678,0.779863791211067
0.6071571110775688,0.6553816085575923,0.7749256385017526,0.0,0.3350956444689248,0.3898820092700235,0.6933687516436898,0.13948454281107525,0.0,0.15167421873423736
0.3331420888540292,0.2176186724815602,0.5176734950224245,0.3350956444689248,0.0,0.6480782118689572,0.5577551460326226,0.4299567566143657,0.4091155917650844,0.0
0.0,0.3198353301354062,0.7771561933510717,0.3898820092700235,0.6480782118689572,0.0,0.8324355150139041,0.9025738426255849,0.2590287634520182,0.9006854819228992
0.04626480857454518,0.4203556898623988,0.0,0.6933687516436898,0.5577551460326226,0.8324355150139041,0.0,0.8689891857247852,0.7682367124579889,0.06313568736807784
0.07685800536641929,0.0,0.5594872406643683,0.13948454281107525,0.4299567566143657,0.9025738426255849,0.8689891857247852,0.0,0.3917569461731054,0.16232206806828842
0.8288172924504602,0.7864834693905208,0.9563886696494678,0.0,0.4091155917650844,0.2590287634520182,0.7682367124579889,0.3917569461731054,0.0,0.8341711828715972
0.8582413111678864,0.1380311953678791,0.779863791211067,0.15167421873423736,0.0,0.9006854819228992,0.06313568736807784,0.16232206806828842,0.8341711828715972,0.0

0.0,0.5704773238757248,0.0,0.6639520887070136,0.542242200816288,0.20298127437535574,0.6755487208049038,0.6595198872094461,0.5106089618562203,0.4104063108854942
0.5704773238757248,0.0,0.98622265010974,0.0,0.585289486983139,0.9878970006858323,0.4698402662668547,0.4007968227755747,0.4580889497732378,0.9904764982628418
0.0,0.98622265010974,0.0,0.17363659890826855,0.8599907059307919,0.8876491411911781,0.357826124167149,0.9289606806715318,0.9965431698297679,0.7348694009429395
0.6639520887070136,0.0,0.17363659890826855,0.0,0.6951980720509022,0.09922556808253691,0.8333021095779412,0.687634416380726,0.08294678810095102,0.6547727736002155
0.542242200816288,0.585289486983139,0.8599907059307919,0.6951980720509022,0.0,0.7941092416267552,0.06819790821297789,0.0,0.20441072572804087,0.29219410730134554
0.20298127437535574,0.9878970006858323,0.8876491411911781,0.09922556808253691,0.7941092416267552,0.0,0.26563485906756357,0.36432891132498146,0.0,0.8090280442563368
0.6755487208049038,0.4698402662668547,0.357826124167149,0.8333021095779412,0.06819790821297789,0.26563485906756357,0.0,0.08514322595811985,0.8053334877072666,0.0
0.6595198872094461,0.4007968227755747,0.9289606806715318,0.687634416380726,0.0,0.36432891132498146,0.08514322595811985,0.0,0.24616135592379207,0.7020396188524934
0.5106089618562203,0.4580889497732378,0.9965431698297679,0.08294678810095102,0.20441072572804087,0.0,0.8053334877072666,0.24616135592379207,0.0,0.9039287910079151
0.4104063108854942,0.9904764982628418,0.7348694009429395,0.6547727736002155,0.29219410730134554,0.8090280442563368,0.0,0.7020396188524934,0.9039287910079151,0.0

0.0,0.5452855680850671,0.7596584033063677,0.0,0.6084642580558024,0.05173536270738743,0.033480696779242036,0.8673198040282951,0.5689976235555508,0.9605136579600284
0.5452855680850671,0.0,0.375711709291913,0.7339669580145282,0.5444023281050756,0.730777285976653,0.03937586043247132,0.0,0.2645216193512523,0.38817274152103454
0.7596584033063677,0.375711709291913,0.0,0.3423106101375455,0.19197680752105462,0.8894972557740373,0.01925481007077945,0.924220529108093,0.0,0.840481897767887
0.0,0.7339669580145282,0.3423106101375455,0.0,0.08297954909045557,0.6706024086659943,0.5298406224582853,0.9728656173992933,0.24010964934211354,0.3155637376439916
0.6084642580558024,0.5444023281050756,0.19197680752105462,0.08297954909045557,0.0,0.0,0.22550594044776306,0.5537796537449247,0.2954795390078534,0.4021751308595528
0.05173536270738743,0.730777285976653,0.8894972557740373,0.6706024086659943,0.0,0.0,0.9171022803531498,0.7360403606333218,0.4175474055045748,0.5755766352296352
0.033480696779242036,0.03937586043247132,0.01925481007077945,0.5298406224582853,0.22550594044776306,0.9171022803531498,0.0,0.3414632477315237,0.5263170715074709,0.0
0.8673198040282951,0.0,0.924220529108093,0.9728656173992933,0.5537796537449247,0.7360403606333218,0.3414632477315237,0.0,0.33981721585492797,0.4862392708179454
0.5689976235555508,0.2645216193512523,0.0,0.24010964934211354,0.2954795390078534,0.4175474055045748,0.5263170715074709,0.33981721585492797,0.0,0.43035426556424206
0.9605136579600284,0.38817274152103454,0.840481897767887,0.3155637376439916,0.4021751308595528,0.5755766352296352,0.0,0.4862392708179454,0.43035426556424206,0.0

