0.0,0.8265739605994014,0.9195689740454507,0.739064167640468,0.3795114764723285,0.8162696011257454,0.0017961328986936254,0.7944366304521939,0.4198102650231126,0.9502491329229452,0.5103898162231413,0.09232915579713441,0.5539468049319454,0.13082503720548566,0.44978293847379724,0.4261556272741486,0.8814127778490124,0.3056483659612107,0.9005337717185028,0.4302572534535011,0.533893188913652,0.7888777829994361,0.42882984968555704,0.9896862242268069,0.5373196763771334,0.4952696871798212,0.2941358711506804,0.8577504043133053,0.20256433460682122,0.0957344362549436,0.5488248217890596,0.7704413715237071,0.4706000443068521,0.1629468764561598,0.8022914440934132,0.534067875048111,0.9033209046738478,0.4244948604620373,0.2643690561186828,0.0708839312914149,0.7403236876459217,0.7068571515973836,0.5195195864442216,0.4186651181843194,0.38434310968846275,0.9142139684942456,0.5202177293061843,0.2627428531495408,0.8885576210423507,0.07601035316978333
0.8265739605994014,0.0,0.30949640271197054,0.6430870837460824,0.21613928270191984,0.15564820667802282,0.18190178905634846,0.19234231388113687,0.802763122611727,0.39062416955332413,0.12981575174398896,0.2648433478956559,0.6060577203192591,0.4157881170672725,0.33524516967183293,0.5109959712696733,0.9505805930105204,0.29225402548968993,0.9160764338476417,0.9793649172493359,0.1742654759543114,0.1451502848289672,0.39627428924288255,0.7883240138433559,0.7408040465746815,0.42680932219820955,0.038271617833686045,0.45340988662955206,0.6244327025622873,0.9457058438068057,0.542712326053719,0.02669492856634903,0.9669476469130666,0.0301551473789462,0.5893971263244071,0.692623979267363,0.65479037935329,0.1733570192532522,0.9817973761734687,0.3265454524189124,0.577998674934808,0.3944726560452967,0.48261063388884107,0.4619715858302008,0.7761589205601926,0.002998642905260085,0.5160688511836683,0.46895795894161263,0.4464886639795278,0.3438750966724087
0.9195689740454507,0.30949640271197054,0.0,0.4188518590279192,0.7794860225736432,0.33589345458186826,0.9615484661540776,0.8033398335584787,0.6513612660296741,0.2679189959714181,0.4564632806168901,0.24733489294213074,0.42426237298565594,0.7981630442150065,0.22775069087475774,0.8940884060175306,0.8113819636760559,0.6840504819000962,0.7464055573577186,0.11742881899211022,0.035163649006810016,0.7543121438035987,0.431788557683226,0.37985333185181436,0.864720265795596,0.6905852650341568,0.5666330669368622,0.11569414170570402,0.7063018041565862,0.7567105195068139,0.2834557283626338,0.9654511502024246,0.4491101378379334,0.2879161498673233,0.7904823846156758,0.35745234722212715,0.8793728955129532,0.2858437342645961,0.7219323383988466,0.5855403489521406,0.21003972649571623,0.35105539204225333,0.05311368669874572,0.5159529788322358,0.8812823896802429,0.16750959101733998,0.6759368701283547,0.7881064954124538,0.49831725238387414,0.22167953109591298
0.739064167640468,0.6430870837460824,0.4188518590279192,0.0,0.29732044457364004,0.708474517097998,0.41567405373696975,0.8982987606975646,0.7422174747861054,0.08593035763302637,0.21592199119979305,0.3493522348391732,0.034239340001760765,0.6639045150245729,0.7962684452702118,0.2832856506334429,0.18050486435134605,0.5378868688856803,0.2234009682644993,0.6523753511693346,0.9465374194358,0.2500576257929129,0.5283933657452091,0.4141176493535692,0.9550233149072912,0.4092731747298638,0.48136047843139007,0.8318406816416215,0.6130723323276983,0.16903799803784636,0.3837112738738423,0.43065125475001664,0.4751707156308974,0.792255100829317,0.08396684051454995,0.4587399528588999,0.12114871684771134,0.15991091556088655,0.23241206622658517,0.13922397163302003,0.2928132543104258,0.8595762993852364,0.2836826457447301,0.39767693511041546,0.6891642365432983,0.09579934751734476,0.141786991692192,0.1242790075797473,0.31858289815438756,0.2114021417686247
0.3795114764723285,0.21613928270191984,0.7794860225736432,0.29732044457364004,0.0,0.5740367731714204,0.6840956239576569,0.8181625531172626,0.6364075348935286,0.9528219948699579,0.188231518143554,0.4525079661037842,0.08425135929586913,0.8923558197240877,0.4469826774675657,0.5776426537089258,0.993554547508625,0.7347857082186299,0.2290516758283987,0.43549836616378945,0.9084896400384049,0.7201172698975263,0.13391242245005375,0.9287650582124192,0.03150955810391942,0.4742489195906726,0.5791550674485308,0.6292180482342693,0.9257564715955596,0.04516647364500126,0.35127144035088886,0.24991728250620904,0.959174732278097,0.7776100927827653,0.5958147249203337,0.9193222610602312,0.4185001961603487,0.8999483420502659,0.6990788633068744,0.7073807355265859,0.4266603471417758,0.5125234289618937,0.15608394684687743,0.7859524112628506,0.2592123580306772,0.38359217210089824,0.8951107838029235,0.16697487345119832,0.7540057084252608,0.4389614720901104
0.8162696011257454,0.15564820667802282,0.33589345458186826,0.708474517097998,0.5740367731714204,0.0,0.6697196959221445,0.9011349282512123,0.8880300918512695,0.9880423834400249,0.003195669352783592,0.07126907060186505,0.20908818770442927,0.7665431040177714,0.010375393840762692,0.9708454728831862,0.44204440536948486,0.022233585146066437,0.7962554160418208,0.5388545642932504,0.4297971734568773,0.46208316100947266,0.16216565762667878,0.7291884762886077,0.1951448478144575,0.08434092396051673,0.8001143457843979,0.9117142474490127,0.541773837330373,0.16009187530477342,0.20701024174549243,0.4401438903029544,0.978912828259582,0.1089203155876719,0.01008527159951722,0.9873682337654403,0.5633347448679561,0.923354265017006,0.609085469237622,0.8892102836735204,0.8361846030484295,0.6984782011346227,0.3745685290276435,0.19372081468013735,0.7793120943263697,0.4016855207484953,0.008685394573224925,0.7999110146746459,0.09587809307230766,0.2660032436170515
0.0017961328986936254,0.18190178905634846,0.9615484661540776,0.41567405373696975,0.6840956239576569,0.6697196959221445,0.0,0.29541705040489774,0.7629195564085026,0.6381016581911979,0.617739983349616,0.056754128877407495,0.2523290364702331,0.18844628960751386,0.9755776445145796,0.2423856913341117,0.6609585229240522,0.9364599329656081,0.11895684128295558,0.2658499864912467,0.03046433706765639,0.40100568930148484,0.1321819533782368,0.9731821766437269,0.4157171699962987,0.1404254516524731,0.8978417506763062,0.6417742911912901,0.20574347329152154,0.13034560490513458,0.9576294140471008,0.9743492081676632,0.28649463436648803,0.7374744957790138,0.4588220271115455,0.38760667904469914,0.23072427148897812,0.09446266913153611,0.8247259434903872,0.20462575716260856,0.9779446757990375,0.5305596673472232,0.09252427299108368,0.6863234855603878,0.8833071803427505,0.17722589813900358,0.47624790830011066,0.9735768390336773,0.1144683277632772,0.19243128975446255
0.7944366304521939,0.19234231388113687,0.8033398335584787,0.8982987606975646,0.8181625531172626,0.9011349282512123,0.29541705040489774,0.0,0.22513001785361475,0.6703853326122495,0.24892076205088443,0.310005844358456,0.8119544618910316,0.33844935093370854,0.8118703699632736,0.08983784944311046,0.7738265574229616,0.2713957096168952,0.9497673129882975,0.7279803112717674,0.7872925347770596,0.8554112534660142,0.5049886265739388,0.2367020531227808,0.3394285339027926,0.9269996518088501,0.07998721969743605,0.2608782784308328,0.5097292516609209,0.23723281163693588,0.38161384901572226,0.2834274539669116,0.9915587412463774,0.3035385006027077,0.08490172209061453,0.42795901742883946,0.027186728959888495,0.7059313543266968,0.7355480789025849,0.20733508143873924,0.1767930743839511,0.5494215799239169,0.7787877086411268,0.9270799505447449,0.6258907085017481,0.38041332067912326,0.5990147806819538,0.863490130603118,0.41056570839254036,0.084350641630343
0.4198102650231126,0.802763122611727,0.6513612660296741,0.7422174747861054,0.6364075348935286,0.8880300918512695,0.7629195564085026,0.22513001785361475,0.0,0.21397727525733057,0.07129061714017981,0.30055111000611445,0.9500870241383224,0.4919495262222874,0.12610710475626652,0.7373589074184431,0.01918352780681476,0.0052618516870595045,0.9306980543684007,0.871522564868088,0.06733970778559839,0.8272354207012115,0.7620462604668438,0.8723095066804708,0.8167835352398198,0.4564569569353393,0.7286013893511474,0.13389483420671977,0.7848159886991095,0.7695880227850961,0.736257274950862,0.5127875019076955,0.5761712768178854,0.24172818287829845,0.8136373749865734,0.41894901548759467,0.06410334145628327,0.473741520369648,0.26017281900642775,0.6172076415472681,0.34213898554493904,0.033708262175094594,0.6359629825856081,0.8680567301894554,0.12663943746747053,0.6786001244136132,0.05541919711112586,0.43184007624747367,0.2872051125017785,0.8236856294073168
0.9502491329229452,0.39062416955332413,0.2679189959714181,0.08593035763302637,0.9528219948699579,0.9880423834400249,0.6381016581911979,0.6703853326122495,0.21397727525733057,0.0,0.8805905977819182,0.5706683789251021,0.08522969941242498,0.2627325595306602,0.0891135301462137,0.743873059247757,0.5344503174177818,0.49503894773882284,0.2776937990661563,0.8848740881048837,0.006175782188907353,0.6745156666325126,0.2808247351603783,0.9088220817895929,0.7873782578305146,0.9083234278407349,0.3662019254435972,0.1657231713288494,0.014087081300111381,0.8842573486277727,0.9125315317903157,0.22379120718770174,0.2951690953157887,0.7430698610469041,0.339530048818246,0.5635355811240642,0.7831189983408791,0.4179430726029848,0.9847510329071558,0.8018678575251281,0.8770351660268493,0.5245727114478403,0.5527513578408,0.28893737411798803,0.5909434917845052,0.3265886985503874,0.07856555202776883,0.7907141353197236,0.8194165053628215,0.5842855831896916
0.5103898162231413,0.12981575174398896,0.4564632806168901,0.21592199119979305,0.188231518143554,0.003195669352783592,0.617739983349616,0.24892076205088443,0.07129061714017981,0.8805905977819182,0.0,0.8264555083427054,0.43150195555376825,0.06054764645595179,0.7580944950338934,0.08989244778505656,0.5503893651261509,0.8036024032946268,0.7802147226851415,0.4426411605742545,0.24811494964314829,0.5505923044250045,0.6103367625908536,0.958268720558158,0.9639457586189875,0.9132053882129342,0.16314518070170791,0.7877525973575888,0.9406804493557357,0.484905167854387,0.5211041444326077,0.36127272357948437,0.24485662863953617,0.899674282738448,0.0885951319886159,0.06086348954567067,0.3227181327354608,0.989034281360855,0.9564010858519019,0.9093838061900588,0.8507003826249722,0.7548820580742259,0.570255913181766,0.06888801865320093,0.3064807213933969,0.16291377169460386,0.9617194424633487,0.9742330022279725,0.0017992616042376008,0.6416651555500121
0.09232915579713441,0.2648433478956559,0.24733489294213074,0.3493522348391732,0.4525079661037842,0.07126907060186505,0.056754128877407495,0.310005844358456,0.30055111000611445,0.5706683789251021,0.8264555083427054,0.0,0.087406655890093,0.7250679291739437,0.48499151603326107,0.5629241218574285,0.14241397356119956,0.7845863196000996,0.5992099374999119,0.7631196495616536,0.5055237057993094,0.6128000387423843,0.7952994628297358,0.6249532771390587,0.5648418973631095,0.6118497646458679,0.2379366649032545,0.2636021939591435,0.7337613884979244,0.7084138925647264,0.8684467194646567,0.9780742009994631,0.29605223890930066,0.5844946840255913,0.4844435629801639,0.06766940032288482,0.3832575453524375,0.22697588485947218,0.3752091855103665,0.7151911148774055,0.7508235564982281,0.5840334904185405,0.9811288055076515,0.21245863943943866,0.77588688387916,0.43701404488582973,0.7518679349389938,0.3254315308131075,0.5515559296244181,0.15146599577002973
0.5539468049319454,0.6060577203192591,0.42426237298565594,0.034239340001760765,0.08425135929586913,0.20908818770442927,0.2523290364702331,0.8119544618910316,0.9500870241383224,0.08522969941242498,0.43150195555376825,0.087406655890093,0.0,0.7531659410132314,0.8910498942337027,0.15270508012953632,0.09270403841907027,0.7262188602974832,0.09241782622062755,0.1610308703057357,0.21467044253566092,0.2581416751415211,0.14857140241837696,0.023744538862957465,0.017529454300122538,0.4600348546254577,0.8073897540162484,0.8907902354266731,0.44395911843684344,0.0994961387145532,0.5781251897732439,0.42305095927663605,0.7576992265656681,0.39572626153336343,0.8485861739939365,0.2864824311612876,0.6094435601889665,0.6804485723145391,0.45927263418302133,0.04649196852907356,0.7891214368121453,0.6107977333226247,0.8108443696120871,0.4137488605373688,0.5277937318411092,0.793972820825519,0.6081376677290584,0.4520911873761748,0.39334564055694154,0.19770946139336454
0.13082503720548566,0.4157881170672725,0.7981630442150065,0.6639045150245729,0.8923558197240877,0.7665431040177714,0.18844628960751386,0.33844935093370854,0.4919495262222874,0.2627325595306602,0.06054764645595179,0.7250679291739437,0.7531659410132314,0.0,0.6877049655688022,0.23628865570763669,0.1582548374301379,0.9572494126389101,0.3180578787196672,0.6219154269647107,0.7110941947357104,0.002380578826322144,0.5791217088423678,0.5882420442145164,0.7162779088569399,0.7348897128606022,0.558355627700066,0.48800128176974056,0.9390651522305116,0.5655748724919476,0.6508787532996115,0.9841064281060729,0.8362105495123998,0.6413526602318811,0.8354986558160029,0.2931763663751822,0.14049033390982246,0.40502338040633845,0.7052775271324396,0.6109381774147288,0.7733805987839224,0.37606742306141216,0.11745081550659997,0.9328976515287339,0.6156429350737401,0.4716066924864838,0.05078398907832882,0.8610498020302366,0.45006827691472917,0.4389559430589557
0.44978293847379724,0.33524516967183293,0.22775069087475774,0.7962684452702118,0.4469826774675657,0.010375393840762692,0.9755776445145796,0.8118703699632736,0.12610710475626652,0.0891135301462137,0.7580944950338934,0.48499151603326107,0.8910498942337027,0.6877049655688022,0.0,0.46993815896673097,0.22167461741070682,0.18338274451868375,0.3492869636613065,0.5752854714928061,0.6606697824866639,0.5151878407462254,0.22505433730152669,0.03163577178927002,0.09058377358362957,0.6647578842295426,0.5383162011373684,0.49375385614114575,0.4022475714754622,0.5620265870286794,0.07558720103989469,0.6918432700178834,0.05461010656298948,0.5981616627745171,0.6192271774595216,0.18218243035533777,0.061760004177252914,0.036016416451945976,0.1208248610529985,0.592780329932311,0.20452885151480948,0.0427106170391095,0.1944768384642812,0.5164255372988431,0.02827060232026679,0.32658464869940107,0.9481147267749142,0.46586637121097774,0.5692083392853113,0.9145735894932097
0.4261556272741486,0.5109959712696733,0.8940884060175306,0.2832856506334429,0.5776426537089258,0.9708454728831862,0.2423856913341117,0.08983784944311046,0.7373589074184431,0.743873059247757,0.08989244778505656,0.5629241218574285,0.15270508012953632,0.23628865570763669,0.46993815896673097,0.0,0.5827119619094704,0.7154308732864003,0.5521895026176383,0.06572899429875101,0.44360399048625854,0.9136495246115317,0.17124224486084905,0.0331140589440313,0.9068104285863786,0.7957697033757096,0.31554742419637005,0.09081984315250768,0.2413477922698566,0.4864477766907279,0.1704993467737561,0.7903917656350319,0.43734490694414996,0.4547068650956533,0.6044707309426536,0.3143145570288941,0.10196571018403344,0.2546845320954554,0.3277235791598401,0.25731020157608775,0.9516303731638341,0.24626612660286507,0.22735354657120221,0.9354622423000434,0.5942597185962045,0.15477593326258277,0.5874382761925456,0.04067353787481176,0.6055848003679366,0.7433859521378215
0.8814127778490124,0.9505805930105204,0.8113819636760559,0.18050486435134605,0.993554547508625,0.44204440536948486,0.6609585229240522,0.7738265574229616,0.01918352780681476,0.5344503174177818,0.5503893651261509,0.14241397356119956,0.09270403841907027,0.1582548374301379,0.22167461741070682,0.5827119619094704,0.0,0.2605462300316156,0.1040757343409584,0.5022438176126229,0.6072251401308982,0.14388890336703553,0.5301389661418032,0.6700353169143213,0.3368732995945385,0.6345295849864413,0.8066882126432267,0.3160892377821064,0.3823577359052709,0.5421726637121225,0.5832227130836424,0.5403675837902021,0.9759070391808022,0.2406171194262603,0.03970031608743929,0.49201603003018146,0.4544662317472915,0.4617470031848737,0.2817369668512252,0.21064278019264604,0.023280899271514,0.4959368807117782,0.964394067203516,0.4857952728274034,0.9584153413344573,0.9423013475041024,0.7487020839771524,0.5604136401725892,0.1893386718688581,0.8750198663758143
0.3056483659612107,0.29225402548968993,0.6840504819000962,0.5378868688856803,0.7347857082186299,0.022233585146066437,0.9364599329656081,0.2713957096168952,0.0052618516870595045,0.49503894773882284,0.8036024032946268,0.7845863196000996,0.7262188602974832,0.9572494126389101,0.18338274451868375,0.7154308732864003,0.2605462300316156,0.0,0.680637115912564,0.17265045152090153,0.13793531508927204,0.3598955335032137,0.6725707025705474,0.39952284990636233,0.04412661224761194,0.8041104787179418,0.23109027017066364,0.3290928959752968,0.7667028487628436,0.41095174990992467,0.284892502429582,0.5399989287057851,0.6632720828198704,0.6787808390194119,0.3123941434916331,0.5737005936017905,0.14436746527519007,0.4664743423451685,0.4831903760837274,0.5495839470731039,0.8709581856429545,0.8641206921629241,0.012410878664818936,0.5851161046717811,0.31353167560438033,0.7193807636849198,0.7405311180550331,0.35131040455795814,0.9632969534466137,0.8907299007443612
0.9005337717185028,0.9160764338476417,0.7464055573577186,0.2234009682644993,0.2290516758283987,0.7962554160418208,0.11895684128295558,0.9497673129882975,0.9306980543684007,0.2776937990661563,0.7802147226851415,0.5992099374999119,0.09241782622062755,0.3180578787196672,0.3492869636613065,0.5521895026176383,0.1040757343409584,0.680637115912564,0.0,0.44712761789205757,0.18471003366038796,0.6340306769492993,0.3057286211832543,0.6837042410389872,0.7401738568443632,0.9856230230435882,0.15240006025740938,0.888718237759225,0.2151453594304129,0.24349159218475347,0.9968053026226334,0.9835527310396764,0.6512915559324804,0.15488196845889068,0.7122322305793514,0.3810777986475967,0.010372519401954272,0.10287149843404952,0.6637026169435379,0.38410069661612145,0.8943282977427642,0.45540448719414717,0.6352417364209669,0.9060001146640655,0.9797379919019862,0.26837493145942337,0.9717859601993674,0.39705842665549296,0.11987668323203482,0.9176646029696369
0.4302572534535011,0.9793649172493359,0.11742881899211022,0.6523753511693346,0.43549836616378945,0.5388545642932504,0.2658499864912467,0.7279803112717674,0.871522564868088,0.8848740881048837,0.4426411605742545,0.7631196495616536,0.1610308703057357,0.6219154269647107,0.5752854714928061,0.06572899429875101,0.5022438176126229,0.17265045152090153,0.44712761789205757,0.0,0.7703397585441049,0.7517968705085948,0.6985542462518072,0.7172564536887206,0.2835400872124507,0.26351773306043835,0.8392050152261314,0.7233722571075343,0.3608331315029937,0.10861865906045265,0.22857891508254957,0.9879340607894881,0.764580461110742,0.36969707374546046,0.7152152914344909,0.5372489743168023,0.37648021156234246,0.629973561323705,0.4833641665927727,0.7773652822682058,0.8905382654349516,0.44833475230389763,0.9551530775818858,0.2465820112596595,0.1603875845655608,0.2102809464381018,0.48454149142032055,0.39385592042199746,0.6799328622689574,0.032416091464713914
0.533893188913652,0.1742654759543114,0.035163649006810016,0.9465374194358,0.9084896400384049,0.4297971734568773,0.03046433706765639,0.7872925347770596,0.06733970778559839,0.006175782188907353,0.24811494964314829,0.5055237057993094,0.21467044253566092,0.7110941947357104,0.6606697824866639,0.44360399048625854,0.6072251401308982,0.13793531508927204,0.18471003366038796,0.7703397585441049,0.0,0.7971555809644054,0.7445347057292042,0.4655936767117965,0.812589449043205,0.605053454891874,0.8354831360250886,0.12270819775182251,0.0809469882626831,0.5553631610111184,0.7857432766444519,0.703486431729175,0.15941582355381634,0.7560407919540916,0.8526322384058109,0.24864266094025556,0.45515219924004413,0.6347410395050257,0.248910045071426,0.43232931876530223,0.8560887887673835,0.8656271694879276,0.7819376908032998,0.9750229964105973,0.38236141124400114,0.85059132691074,0.45277422486403085,0.2801065590503652,0.8294540906727392,0.1403663289002044
0.7888777829994361,0.1451502848289672,0.7543121438035987,0.2500576257929129,0.7201172698975263,0.46208316100947266,0.40100568930148484,0.8554112534660142,0.8272354207012115,0.6745156666325126,0.5505923044250045,0.6128000387423843,0.2581416751415211,0.002380578826322144,0.5151878407462254,0.9136495246115317,0.14388890336703553,0.3598955335032137,0.6340306769492993,0.7517968705085948,0.7971555809644054,0.0,0.6471895905334545,0.8910836007628979,0.5890239411000365,0.2824832912524281,0.7080614372144669,0.7419267683681127,0.5114606587472647,0.4352307993628355,0.9561387601463148,0.821704025072376,0.49628980087138275,0.0939800527088046,0.6600263873617221,0.23998599144716504,0.4655027310983667,0.7916751999648791,0.21908504116544947,0.25305664328391153,0.836712125534401,0.779277859485977,0.813833587922739,0.6130881212644971,0.6923131605916245,0.7218380073642257,0.60104106320752,0.05882202512297485,0.9415436937999706,0.32566693967747007
0.42882984968555704,0.39627428924288255,0.431788557683226,0.5283933657452091,0.13391242245005375,0.16216565762667878,0.1321819533782368,0.5049886265739388,0.7620462604668438,0.2808247351603783,0.6103367625908536,0.7952994628297358,0.14857140241837696,0.5791217088423678,0.22505433730152669,0.17124224486084905,0.5301389661418032,0.6725707025705474,0.3057286211832543,0.6985542462518072,0.7445347057292042,0.6471895905334545,0.0,0.3069639034459992,0.006590033927826866,0.4153714287612992,0.20860028006541254,0.35954245442454635,0.17304966030466773,0.5777122583513346,0.26149951462971666,0.44833187793903306,0.6361900168160199,0.6502096908116739,0.4657549789534059,0.14335698211490944,0.9241693089127486,0.8537998545472051,0.8435361016075712,0.9895601631960846,0.698705691385145,0.1066642858138791,0.5122832993142308,0.2703536759161571,0.3960014947186409,0.011705888471365333,0.19850334921885393,0.5105657156072627,0.0363525370126172,0.5764949263517938
0.9896862242268069,0.7883240138433559,0.37985333185181436,0.4141176493535692,0.9287650582124192,0.7291884762886077,0.9731821766437269,0.2367020531227808,0.8723095066804708,0.9088220817895929,0.958268720558158,0.6249532771390587,0.023744538862957465,0.5882420442145164,0.03163577178927002,0.0331140589440313,0.6700353169143213,0.39952284990636233,0.6837042410389872,0.7172564536887206,0.4655936767117965,0.8910836007628979,0.3069639034459992,0.0,0.854063944545744,0.22873167834103714,0.28699690949344026,0.8951547454008014,0.8221353395777674,0.3256791707631841,0.5008485278094724,0.9350071516291122,0.8321846726595143,0.3444073750270886,0.1612629519687867,0.20253538848262775,0.5004336817218797,0.49761495975921377,0.17050072828249752,0.8141538264395088,0.9088372522817678,0.813156398985995,0.44614365687962054,0.4980384353191265,0.21263592436600143,0.44945912345688577,0.4981632989772736,0.07690422911730543,0.06812394093999041,0.31325253973263767
0.5373196763771334,0.7408040465746815,0.864720265795596,0.9550233149072912,0.03150955810391942,0.1951448478144575,0.4157171699962987,0.3394285339027926,0.8167835352398198,0.7873782578305146,0.9639457586189875,0.5648418973631095,0.017529454300122538,0.7162779088569399,0.09058377358362957,0.9068104285863786,0.3368732995945385,0.04412661224761194,0.7401738568443632,0.2835400872124507,0.812589449043205,0.5890239411000365,0.006590033927826866,0.854063944545744,0.0,0.17732201845517404,0.00011193355292171692,0.07086497425125393,0.4297911215228365,0.630774466216838,0.8699432376301509,0.19887376694993464,0.5250027211724019,0.37911700584764285,0.11337003039108995,0.8868941316145618,0.16284908274791243,0.517890596246238,0.7795353863070519,0.2404686958487947,0.8622002070935755,0.21385913152710823,0.8056727558384689,0.5713103598667935,0.1107410449268198,0.7076732429732387,0.6069395953860776,0.3989751212423428,0.5652193858612511,0.927885462134444
0.4952696871798212,0.42680932219820955,0.6905852650341568,0.4092731747298638,0.4742489195906726,0.08434092396051673,0.1404254516524731,0.9269996518088501,0.4564569569353393,0.9083234278407349,0.9132053882129342,0.6118497646458679,0.4600348546254577,0.7348897128606022,0.6647578842295426,0.7957697033757096,0.6345295849864413,0.8041104787179418,0.9856230230435882,0.26351773306043835,0.605053454891874,0.2824832912524281,0.4153714287612992,0.22873167834103714,0.17732201845517404,0.0,0.39987698564225294,0.5697706715672514,0.33048958088601255,0.8602642842076401,0.12641351420534108,0.3151382610800366,0.4177153397371838,0.12067471630678683,0.11301033453570031,0.36137451589184144,0.3299654126856374,0.6259519821961058,0.06997344757228696,0.16284392592988506,0.3404070715940878,0.7709554149495189,0.9537403989522968,0.8317548372255643,0.3576881730871597,0.9433233032279948,0.24424935098987632,0.9228821963542846,0.6748097271869902,0.8999064943286195
0.2941358711506804,0.038271617833686045,0.5666330669368622,0.48136047843139007,0.5791550674485308,0.8001143457843979,0.8978417506763062,0.07998721969743605,0.7286013893511474,0.3662019254435972,0.16314518070170791,0.2379366649032545,0.8073897540162484,0.558355627700066,0.5383162011373684,0.31554742419637005,0.8066882126432267,0.23109027017066364,0.15240006025740938,0.8392050152261314,0.8354831360250886,0.7080614372144669,0.20860028006541254,0.28699690949344026,0.00011193355292171692,0.39987698564225294,0.0,0.5699449928789484,0.7488337298897303,0.4603137439820085,0.1184346919112843,0.612541985638546,0.9698133499292081,0.7964959374087757,0.8465268173113399,0.730572475056675,0.8012520251668054,0.6148706860363267,0.6328127722396353,0.7731701298232568,0.6264177808920917,0.5581029407855209,0.27983133676313066,0.2398405805332503,0.17395284657508103,0.19743153699537808,0.7935822290319601,0.4101072657852498,0.8169914836863357,0.7611020477513761
0.8577504043133053,0.45340988662955206,0.11569414170570402,0.8318406816416215,0.6292180482342693,0.9117142474490127,0.6417742911912901,0.2608782784308328,0.13389483420671977,0.1657231713288494,0.7877525973575888,0.2636021939591435,0.8907902354266731,0.48800128176974056,0.49375385614114575,0.09081984315250768,0.3160892377821064,0.3290928959752968,0.888718237759225,0.7233722571075343,0.12270819775182251,0.7419267683681127,0.35954245442454635,0.8951547454008014,0.07086497425125393,0.5697706715672514,0.5699449928789484,0.0,0.03018152859248313,0.03296520873176845,0.9072399046715904,0.3640963013987767,0.024026513457328202,0.5664894498990516,0.8347925841546532,0.21724557227558006,0.6672075389286212,0.46270658518410424,0.13194356717872113,0.206021212697024,0.41007090678672975,0.9321848875682089,0.8551336695428474,0.018650187286376352,0.7280472635029333,0.7020237832673507,0.10735463595812367,0.9258534241717971,0.5505428839580258,0.4755702891846938
0.20256433460682122,0.6244327025622873,0.7063018041565862,0.6130723323276983,0.9257564715955596,0.541773837330373,0.20574347329152154,0.5097292516609209,0.7848159886991095,0.014087081300111381,0.9406804493557357,0.7337613884979244,0.44395911843684344,0.9390651522305116,0.4022475714754622,0.2413477922698566,0.3823577359052709,0.7667028487628436,0.2151453594304129,0.3608331315029937,0.0809469882626831,0.5114606587472647,0.17304966030466773,0.8221353395777674,0.4297911215228365,0.33048958088601255,0.7488337298897303,0.03018152859248313,0.0,0.454869026303771,0.19782830568755827,0.914312315111902,0.7852840298810531,0.4112286071577732,0.11584195066655933,0.40642807343668486,0.2895978621677239,0.9618202201720754,0.6086153687532851,0.20397885730470677,0.5793540955503717,0.9114625143822724,0.3246767673318083,0.45115737176329507,0.6494161532562241,0.5679583853630076,0.5240880028718808,0.14240365797676324,0.7416385611921597,0.42095075075579114
0.0957344362549436,0.9457058438068057,0.7567105195068139,0.16903799803784636,0.04516647364500126,0.16009187530477342,0.13034560490513458,0.23723281163693588,0.7695880227850961,0.8842573486277727,0.484905167854387,0.7084138925647264,0.0994961387145532,0.5655748724919476,0.5620265870286794,0.4864477766907279,0.5421726637121225,0.41095174990992467,0.24349159218475347,0.10861865906045265,0.5553631610111184,0.4352307993628355,0.5777122583513346,0.3256791707631841,0.630774466216838,0.8602642842076401,0.4603137439820085,0.03296520873176845,0.454869026303771,0.0,0.02001933878717921,0.06293245934888414,0.6853584695057534,0.3603090353978051,0.16071248086942913,0.6636403137213793,0.5706234870045227,0.9819789934746972,0.16551570513918223,0.5997654858713637,0.8829923635560836,0.18664675992948843,0.6695617299003932,0.9300315266613766,0.611803524602898,0.8342666531886015,0.7344549293396698,0.9818754946471351,0.8180762424180894,0.8223547094315373
0.5488248217890596,0.542712326053719,0.2834557283626338,0.3837112738738423,0.35127144035088886,0.20701024174549243,0.9576294140471008,0.38161384901572226,0.736257274950862,0.9125315317903157,0.5211041444326077,0.8684467194646567,0.5781251897732439,0.6508787532996115,0.07558720103989469,0.1704993467737561,0.5832227130836424,0.284892502429582,0.9968053026226334,0.22857891508254957,0.7857432766444519,0.9561387601463148,0.26149951462971666,0.5008485278094724,0.8699432376301509,0.12641351420534108,0.1184346919112843,0.9072399046715904,0.19782830568755827,0.02001933878717921,0.0,0.76668445516231,0.4457839608604519,0.1065450378599423,0.82937514260405,0.012591724270564653,0.36948736084302447,0.8505728555003989,0.8271866764916935,0.4706866109165957,0.553845117170913,0.2852421615648555,0.10687330006914753,0.13677017696280158,0.973296439608525,0.8817781091409228,0.9799736918501551,0.2312617687306011,0.6406414191111464,0.663719807130391
0.7704413715237071,0.02669492856634903,0.9654511502024246,0.43065125475001664,0.24991728250620904,0.4401438903029544,0.9743492081676632,0.2834274539669116,0.5127875019076955,0.22379120718770174,0.36127272357948437,0.9780742009994631,0.42305095927663605,0.9841064281060729,0.6918432700178834,0.7903917656350319,0.5403675837902021,0.5399989287057851,0.9835527310396764,0.9879340607894881,0.703486431729175,0.821704025072376,0.44833187793903306,0.9350071516291122,0.19887376694993464,0.3151382610800366,0.612541985638546,0.3640963013987767,0.914312315111902,0.06293245934888414,0.76668445516231,0.0,0.2488239031388103,0.3055513486878737,0.9184532789003721,0.33921828637061757,0.3561401885004142,0.689748011149969,0.3450953944859839,0.2477178683968616,0.493904004059191,0.10386746764998123,0.9831455113481827,0.7138186016793578,0.4831164261494061,0.8586574747225869,0.015582237071550376,0.1111325320471438,0.9804239465103681,0.49911061671596046
0.4706000443068521,0.9669476469130666,0.4491101378379334,0.4751707156308974,0.959174732278097,0.978912828259582,0.28649463436648803,0.9915587412463774,0.5761712768178854,0.2951690953157887,0.24485662863953617,0.29605223890930066,0.7576992265656681,0.8362105495123998,0.05461010656298948,0.43734490694414996,0.9759070391808022,0.6632720828198704,0.6512915559324804,0.764580461110742,0.15941582355381634,0.49628980087138275,0.6361900168160199,0.8321846726595143,0.5250027211724019,0.4177153397371838,0.9698133499292081,0.024026513457328202,0.7852840298810531,0.6853584695057534,0.4457839608604519,0.2488239031388103,0.0,0.24005490152920206,0.8392997832290034,0.24846828801843024,0.592426373990253,0.7156226838642086,0.16361790737061033,0.49564801847525786,0.247245478663231,0.12021716863727894,0.9973683602214052,0.6227864435662266,0.3608019885871485,0.66907011862595,0.49414009553743354,0.05352619307063122,0.2211860646368442,0.3739711971806441
0.1629468764561598,0.0301551473789462,0.2879161498673233,0.792255100829317,0.7776100927827653,0.1089203155876719,0.7374744957790138,0.3035385006027077,0.24172818287829845,0.7430698610469041,0.899674282738448,0.5844946840255913,0.39572626153336343,0.6413526602318811,0.5981616627745171,0.4547068650956533,0.2406171194262603,0.6787808390194119,0.15488196845889068,0.36969707374546046,0.7560407919540916,0.0939800527088046,0.6502096908116739,0.3444073750270886,0.37911700584764285,0.12067471630678683,0.7964959374087757,0.5664894498990516,0.4112286071577732,0.3603090353978051,0.1065450378599423,0.3055513486878737,0.24005490152920206,0.0,0.7815607530927967,0.8202095493802317,0.258584365717075,0.14099059490961585,0.0044352446928577205,0.7071991878051465,0.3822583829467101,0.8025826425687094,0.6749968325315251,0.41455369741215387,0.22708433887233748,0.25871164009208236,0.6047226188383747,0.16454711959113255,0.6159173577311956,0.2936466822948752
0.8022914440934132,0.5893971263244071,0.7904823846156758,0.08396684051454995,0.5958147249203337,0.01008527159951722,0.4588220271115455,0.08490172209061453,0.8136373749865734,0.339530048818246,0.0885951319886159,0.4844435629801639,0.8485861739939365,0.8354986558160029,0.6192271774595216,0.6044707309426536,0.03970031608743929,0.3123941434916331,0.7122322305793514,0.7152152914344909,0.8526322384058109,0.6600263873617221,0.4657549789534059,0.1612629519687867,0.11337003039108995,0.11301033453570031,0.8465268173113399,0.8347925841546532,0.11584195066655933,0.16071248086942913,0.82937514260405,0.9184532789003721,0.8392997832290034,0.7815607530927967,0.0,0.016109063914763855,0.3194195698395338,0.8128299510134817,0.8860840990971949,0.5795147564593188,0.28374853622366547,0.9048802226115356,0.1907607051663346,0.9628760432707161,0.1966793354552555,0.5939448950717386,0.32102325524691466,0.013999955920843132,0.9768861180054734,0.08932843557663706
0.534067875048111,0.692623979267363,0.35745234722212715,0.4587399528588999,0.9193222610602312,0.9873682337654403,0.38760667904469914,0.42795901742883946,0.41894901548759467,0.5635355811240642,0.06086348954567067,0.06766940032288482,0.2864824311612876,0.2931763663751822,0.18218243035533777,0.3143145570288941,0.49201603003018146,0.5737005936017905,0.3810777986475967,0.5372489743168023,0.24864266094025556,0.23998599144716504,0.14335698211490944,0.20253538848262775,0.8868941316145618,0.36137451589184144,0.730572475056675,0.21724557227558006,0.40642807343668486,0.6636403137213793,0.012591724270564653,0.33921828637061757,0.24846828801843024,0.8202095493802317,0.016109063914763855,0.0,0.4984001595986143,0.8453593232386741,0.8001544159110503,0.27494554234423185,0.899818096585929,0.37264081669156945,0.32924359161263383,0.5441446877513889,0.9744782124027928,0.27764783393968595,0.20698493998013034,0.2715653495466199,0.07838635598530785,0.4047471160715288
0.9033209046738478,0.65479037935329,0.8793728955129532,0.12114871684771134,0.4185001961603487,0.5633347448679561,0.23072427148897812,0.027186728959888495,0.06410334145628327,0.7831189983408791,0.3227181327354608,0.3832575453524375,0.6094435601889665,0.14049033390982246,0.061760004177252914,0.10196571018403344,0.4544662317472915,0.14436746527519007,0.010372519401954272,0.37648021156234246,0.45515219924004413,0.4655027310983667,0.9241693089127486,0.5004336817218797,0.16284908274791243,0.3299654126856374,0.8012520251668054,0.6672075389286212,0.2895978621677239,0.5706234870045227,0.36948736084302447,0.3561401885004142,0.592426373990253,0.258584365717075,0.3194195698395338,0.4984001595986143,0.0,0.36086047668488785,0.06420468335610718,0.9894212365092249,0.5876723747023436,0.3968217749181331,0.4389487280634369,0.9136604079093553,0.33342377145805424,0.9901346387970302,0.9972602398846846,0.4990101776513254,0.7745892626357783,0.7955638819050752
0.4244948604620373,0.1733570192532522,0.2858437342645961,0.15991091556088655,0.8999483420502659,0.923354265017006,0.09446266913153611,0.7059313543266968,0.473741520369648,0.4179430726029848,0.989034281360855,0.22697588485947218,0.6804485723145391,0.40502338040633845,0.036016416451945976,0.2546845320954554,0.4617470031848737,0.4664743423451685,0.10287149843404952,0.629973561323705,0.6347410395050257,0.7916751999648791,0.8537998545472051,0.49761495975921377,0.517890596246238,0.6259519821961058,0.6148706860363267,0.46270658518410424,0.9618202201720754,0.9819789934746972,0.8505728555003989,0.689748011149969,0.7156226838642086,0.14099059490961585,0.8128299510134817,0.8453593232386741,0.36086047668488785,0.0,0.7837743905556047,0.21433065998366996,0.6561666632479471,0.6893659441486091,0.2221188206243262,0.7351961475999428,0.46805169788187917,0.9872845401353479,0.4487749149033281,0.5222733466803475,0.4377482619558515,0.2851935708854392
0.2643690561186828,0.9817973761734687,0.7219323383988466,0.23241206622658517,0.6990788633068744,0.609085469237622,0.8247259434903872,0.7355480789025849,0.26017281900642775,0.9847510329071558,0.9564010858519019,0.3752091855103665,0.45927263418302133,0.7052775271324396,0.1208248610529985,0.3277235791598401,0.2817369668512252,0.4831903760837274,0.6637026169435379,0.4833641665927727,0.248910045071426,0.21908504116544947,0.8435361016075712,0.17050072828249752,0.7795353863070519,0.06997344757228696,0.6328127722396353,0.13194356717872113,0.6086153687532851,0.16551570513918223,0.8271866764916935,0.3450953944859839,0.16361790737061033,0.0044352446928577205,0.8860840990971949,0.8001544159110503,0.06420468335610718,0.7837743905556047,0.0,0.7637485211447391,0.4385820477886392,0.2433263711951118,0.2936520025941013,0.9668801964422613,0.7820481339661187,0.0036641643317080197,0.16450920650089962,0.6909015728810807,0.7750066254571703,0.09682808353635819
0.0708839312914149,0.3265454524189124,0.5855403489521406,0.13922397163302003,0.7073807355265859,0.8892102836735204,0.20462575716260856,0.20733508143873924,0.6172076415472681,0.8018678575251281,0.9093838061900588,0.7151911148774055,0.04649196852907356,0.6109381774147288,0.592780329932311,0.25731020157608775,0.21064278019264604,0.5495839470731039,0.38410069661612145,0.7773652822682058,0.43232931876530223,0.25305664328391153,0.9895601631960846,0.8141538264395088,0.2404686958487947,0.16284392592988506,0.7731701298232568,0.206021212697024,0.20397885730470677,0.5997654858713637,0.4706866109165957,0.2477178683968616,0.49564801847525786,0.7071991878051465,0.5795147564593188,0.27494554234423185,0.9894212365092249,0.21433065998366996,0.7637485211447391,0.0,0.5800079683181426,0.541634069187418,0.7418475404479997,0.7126889031924561,0.35164906482737524,0.7467288749592952,0.8695783433041363,0.14471540218399204,0.20942554892288967,0.016020963426305213
0.7403236876459217,0.577998674934808,0.21003972649571623,0.2928132543104258,0.4266603471417758,0.8361846030484295,0.9779446757990375,0.1767930743839511,0.34213898554493904,0.8770351660268493,0.8507003826249722,0.7508235564982281,0.7891214368121453,0.7733805987839224,0.20452885151480948,0.9516303731638341,0.023280899271514,0.8709581856429545,0.8943282977427642,0.8905382654349516,0.8560887887673835,0.836712125534401,0.698705691385145,0.9088372522817678,0.8622002070935755,0.3404070715940878,0.6264177808920917,0.41007090678672975,0.5793540955503717,0.8829923635560836,0.553845117170913,0.493904004059191,0.247245478663231,0.3822583829467101,0.28374853622366547,0.899818096585929,0.5876723747023436,0.6561666632479471,0.4385820477886392,0.5800079683181426,0.0,0.5836233231096583,0.41888479459894334,0.18053599042553248,0.5440351538447735,0.6544550633355543,0.6230600009415124,0.8667855787311277,0.48141172089068107,0.5156058801335873
0.7068571515973836,0.3944726560452967,0.35105539204225333,0.8595762993852364,0.5125234289618937,0.6984782011346227,0.5305596673472232,0.5494215799239169,0.033708262175094594,0.5245727114478403,0.7548820580742259,0.5840334904185405,0.6107977333226247,0.37606742306141216,0.0427106170391095,0.24626612660286507,0.4959368807117782,0.8641206921629241,0.45540448719414717,0.44833475230389763,0.8656271694879276,0.779277859485977,0.1066642858138791,0.813156398985995,0.21385913152710823,0.7709554149495189,0.5581029407855209,0.9321848875682089,0.9114625143822724,0.18664675992948843,0.2852421615648555,0.10386746764998123,0.12021716863727894,0.8025826425687094,0.9048802226115356,0.37264081669156945,0.3968217749181331,0.6893659441486091,0.2433263711951118,0.541634069187418,0.5836233231096583,0.0,0.13614720690845872,0.5626641215189437,0.9305830229184787,0.5097872558915802,0.1610658944807748,0.10433761191743829,0.8520284984386012,0.2537066721192427
0.5195195864442216,0.48261063388884107,0.05311368669874572,0.2836826457447301,0.15608394684687743,0.3745685290276435,0.09252427299108368,0.7787877086411268,0.6359629825856081,0.5527513578408,0.570255913181766,0.9811288055076515,0.8108443696120871,0.11745081550659997,0.1944768384642812,0.22735354657120221,0.964394067203516,0.012410878664818936,0.6352417364209669,0.9551530775818858,0.7819376908032998,0.813833587922739,0.5122832993142308,0.44614365687962054,0.8056727558384689,0.9537403989522968,0.27983133676313066,0.8551336695428474,0.3246767673318083,0.6695617299003932,0.10687330006914753,0.9831455113481827,0.9973683602214052,0.6749968325315251,0.1907607051663346,0.32924359161263383,0.4389487280634369,0.2221188206243262,0.2936520025941013,0.7418475404479997,0.41888479459894334,0.13614720690845872,0.0,0.3976993132364033,0.7657530164048165,0.2004006796365101,0.845514712798771,0.13099735220526554,0.06508983311256933,0.5142640625377546
0.4186651181843194,0.4619715858302008,0.5159529788322358,0.39767693511041546,0.7859524112628506,0.19372081468013735,0.6863234855603878,0.9270799505447449,0.8680567301894554,0.28893737411798803,0.06888801865320093,0.21245863943943866,0.4137488605373688,0.9328976515287339,0.5164255372988431,0.9354622423000434,0.4857952728274034,0.5851161046717811,0.9060001146640655,0.2465820112596595,0.9750229964105973,0.6130881212644971,0.2703536759161571,0.4980384353191265,0.5713103598667935,0.8317548372255643,0.2398405805332503,0.018650187286376352,0.45115737176329507,0.9300315266613766,0.13677017696280158,0.7138186016793578,0.6227864435662266,0.41455369741215387,0.9628760432707161,0.5441446877513889,0.9136604079093553,0.7351961475999428,0.9668801964422613,0.7126889031924561,0.18053599042553248,0.5626641215189437,0.3976993132364033,0.0,0.386506904069319,0.02352849331235618,0.9377258117032573,0.5912296449479301,0.5953720338565415,0.24926738335391763
0.38434310968846275,0.7761589205601926,0.8812823896802429,0.6891642365432983,0.2592123580306772,0.7793120943263697,0.8833071803427505,0.6258907085017481,0.12663943746747053,0.5909434917845052,0.3064807213933969,0.77588688387916,0.5277937318411092,0.6156429350737401,0.02827060232026679,0.5942597185962045,0.9584153413344573,0.31353167560438033,0.9797379919019862,0.1603875845655608,0.38236141124400114,0.6923131605916245,0.3960014947186409,0.21263592436600143,0.1107410449268198,0.3576881730871597,0.17395284657508103,0.7280472635029333,0.6494161532562241,0.611803524602898,0.973296439608525,0.4831164261494061,0.3608019885871485,0.22708433887233748,0.1966793354552555,0.9744782124027928,0.33342377145805424,0.46805169788187917,0.7820481339661187,0.35164906482737524,0.5440351538447735,0.9305830229184787,0.7657530164048165,0.386506904069319,0.0,0.4394124217184753,0.3717536245264559,0.33919755675277996,0.9006318539580892,0.80508757385872
0.9142139684942456,0.002998642905260085,0.16750959101733998,0.09579934751734476,0.38359217210089824,0.4016855207484953,0.17722589813900358,0.38041332067912326,0.6786001244136132,0.3265886985503874,0.16291377169460386,0.43701404488582973,0.793972820825519,0.4716066924864838,0.32658464869940107,0.15477593326258277,0.9423013475041024,0.7193807636849198,0.26837493145942337,0.2102809464381018,0.85059132691074,0.7218380073642257,0.011705888471365333,0.44945912345688577,0.7076732429732387,0.9433233032279948,0.19743153699537808,0.7020237832673507,0.5679583853630076,0.8342666531886015,0.8817781091409228,0.8586574747225869,0.66907011862595,0.25871164009208236,0.5939448950717386,0.27764783393968595,0.9901346387970302,0.9872845401353479,0.0036641643317080197,0.7467288749592952,0.6544550633355543,0.5097872558915802,0.2004006796365101,0.02352849331235618,0.4394124217184753,0.0,0.7117942616873327,0.737081630272582,0.22760130693312308,0.9294857227065131
0.5202177293061843,0.5160688511836683,0.6759368701283547,0.141786991692192,0.8951107838029235,0.008685394573224925,0.47624790830011066,0.5990147806819538,0.05541919711112586,0.07856555202776883,0.9617194424633487,0.7518679349389938,0.6081376677290584,0.05078398907832882,0.9481147267749142,0.5874382761925456,0.7487020839771524,0.7405311180550331,0.9717859601993674,0.48454149142032055,0.45277422486403085,0.60104106320752,0.19850334921885393,0.4981632989772736,0.6069395953860776,0.24424935098987632,0.7935822290319601,0.10735463595812367,0.5240880028718808,0.7344549293396698,0.9799736918501551,0.015582237071550376,0.49414009553743354,0.6047226188383747,0.32102325524691466,0.20698493998013034,0.9972602398846846,0.4487749149033281,0.16450920650089962,0.8695783433041363,0.6230600009415124,0.1610658944807748,0.845514712798771,0.9377258117032573,0.3717536245264559,0.7117942616873327,0.0,0.9486367629818685,0.33882463378932204,0.927384013947621
0.2627428531495408,0.46895795894161263,0.7881064954124538,0.1242790075797473,0.16697487345119832,0.7999110146746459,0.9735768390336773,0.863490130603118,0.43184007624747367,0.7907141353197236,0.9742330022279725,0.3254315308131075,0.4520911873761748,0.8610498020302366,0.46586637121097774,0.04067353787481176,0.5604136401725892,0.35131040455795814,0.39705842665549296,0.39385592042199746,0.2801065590503652,0.05882202512297485,0.5105657156072627,0.07690422911730543,0.3989751212423428,0.9228821963542846,0.4101072657852498,0.9258534241717971,0.14240365797676324,0.9818754946471351,0.2312617687306011,0.1111325320471438,0.05352619307063122,0.16454711959113255,0.013999955920843132,0.2715653495466199,0.4990101776513254,0.5222733466803475,0.6909015728810807,0.14471540218399204,0.8667855787311277,0.10433761191743829,0.13099735220526554,0.5912296449479301,0.33919755675277996,0.737081630272582,0.9486367629818685,0.0,0.9424508572809784,0.9239347554078974
0.8885576210423507,0.4464886639795278,0.49831725238387414,0.31858289815438756,0.7540057084252608,0.09587809307230766,0.1144683277632772,0.41056570839254036,0.2872051125017785,0.8194165053628215,0.0017992616042376008,0.5515559296244181,0.39334564055694154,0.45006827691472917,0.5692083392853113,0.6055848003679366,0.1893386718688581,0.9632969534466137,0.11987668323203482,0.6799328622689574,0.8294540906727392,0.9415436937999706,0.0363525370126172,0.06812394093999041,0.5652193858612511,0.6748097271869902,0.8169914836863357,0.5505428839580258,0.7416385611921597,0.8180762424180894,0.6406414191111464,0.9804239465103681,0.2211860646368442,0.6159173577311956,0.9768861180054734,0.07838635598530785,0.7745892626357783,0.4377482619558515,0.7750066254571703,0.20942554892288967,0.48141172089068107,0.8520284984386012,0.06508983311256933,0.5953720338565415,0.9006318539580892,0.22760130693312308,0.33882463378932204,0.9424508572809784,0.0,0.23397311229950268
0.07601035316978333,0.3438750966724087,0.22167953109591298,0.2114021417686247,0.4389614720901104,0.2660032436170515,0.19243128975446255,0.084350641630343,0.8236856294073168,0.5842855831896916,0.6416651555500121,0.15146599577002973,0.19770946139336454,0.4389559430589557,0.9145735894932097,0.7433859521378215,0.8750198663758143,0.8907299007443612,0.9176646029696369,0.032416091464713914,0.1403663289002044,0.32566693967747007,0.5764949263517938,0.31325253973263767,0.927885462134444,0.8999064943286195,0.7611020477513761,0.4755702891846938,0.42095075075579114,0.8223547094315373,0.663719807130391,0.49911061671596046,0.3739711971806441,0.2936466822948752,0.08932843557663706,0.4047471160715288,0.7955638819050752,0.2851935708854392,0.09682808353635819,0.016020963426305213,0.5156058801335873,0.2537066721192427,0.5142640625377546,0.24926738335391763,0.80508757385872,0.9294857227065131,0.927384013947621,0.9239347554078974,0.23397311229950268,0.0

0.0,0.14466882876306397,0.026341113207607347,0.43622476312411385,0.8159754718096472,0.7649697539943319,0.18432969638658903,0.503954383623477,0.8264724308293022,0.049164237892305174,0.806012117219209,0.17494520826070503,0.18629083355521048,0.08568124593168147,0.6965713867048425,0.23166220301649454,0.2169455372255077,0.3712529624375348,0.11140768523402012,0.5845890054227242,0.7977505313632344,0.9603587413883771,0.4632296104044754,0.11193244396007596,0.3407021173440875,0.4328945252980477,0.9602065848601434,0.18069731562212454,0.27673317380406925,0.4549747030425959,0.5049198775535073,0.506524993021042,0.06695494127708213,0.859621766596754,0.14806565326840926,0.7150932677468779,0.9974768646325782,0.46941405183672746,0.22605868262418893,0.019975627943273677,0.0837888240239184,0.7634131914075194,0.7258711033723237,0.4879587660479062,0.9705756442038308,0.7197988471340616,0.524680051695437,0.9775766725028475,0.053441697954020095,0.47942480378715024
0.14466882876306397,0.0,0.4940759164616404,0.8653920195283481,0.5087117554853345,0.5281989255801207,0.9409157852064963,0.08978677988993589,0.48037535487700755,0.8780832340152968,0.031223415417211187,0.3020893239482725,0.34352020950786477,0.5668872593824595,0.4280015183140705,0.6989025319796472,0.6247234673753279,0.1393764456361426,0.3183748804808013,0.8617405348686477,0.7305735086394772,0.3655603775619485,0.6904708412288874,0.12059839130410377,0.889198491912785,0.2612674697765621,0.7299207782029544,0.35056044062278136,0.618783779072277,0.9242108389370305,0.972390658188863,0.2899011174396626,0.2729206724870239,0.040514045331711546,0.42617527222682916,0.2821826262023053,0.13479631526502867,0.6470950925667646,0.8104715032149757,0.9749965169114448,0.6946448182601754,0.5706833099994272,0.48150381950036647,0.7536703841201778,0.5779898935014733,0.9672793268300015,0.8625974430596866,0.7869115106114198,0.28677738286498455,0.12693093635942598
0.026341113207607347,0.4940759164616404,0.0,0.31593397282953295,0.37999966586499256,0.3771135826329517,0.8403516690085161,0.9534283127664622,0.45554643128884253,0.1146782995720167,0.36754364770609915,0.4326414706253109,0.8393749901438459,0.9337907196877128,0.43801774662734416,0.5481163645329789,0.2632047780887412,0.24431908022935878,0.7118503813585957,0.23113728077222395,0.8747701342245167,0.6096580978278081,0.9412135295946396,0.5794877624639231,0.9340432972804243,0.9126110456583976,0.529322701707927,0.5347888311315309,0.205011904187955,0.36371241922097874,0.20655083361079007,0.44079186214636157,0.7214371092568534,0.7406878506215272,0.43775322974587094,0.2961597147295588,0.8118473894459527,0.46798965781013546,0.8208623975730654,0.06486741615066594,0.8459930157052972,0.8784253026909585,0.1465604143746121,0.6119280576373313,0.2155453071322424,0.9435368218729652,0.696451297323289,0.30641012288433445,0.9783420475155182,0.9572048953118971
0.43622476312411385,0.8653920195283481,0.31593397282953295,0.0,0.927568145196694,0.8716708107705378,0.9287884947961225,0.7373729227872413,0.5114048941545644,0.025589456628838603,0.5964653315916867,0.5875728173681182,0.37524300352638484,0.19346398140534238,0.15428350066770302,0.5703504120932487,0.3766078764509977,0.6720894002149832,0.22708421801121104,0.6227951212487818,0.5283484110306227,0.38268252794923774,0.10592489954502993,0.6277408665180125,0.12072147641828135,0.3908940904976641,0.9951159558680278,0.11838911863171964,0.7271215982472136,0.21633660515961906,0.14309466537896343,0.9996581920853179,0.8429862711186317,0.23488106811172837,0.6915801648466595,0.20961566473873294,0.8562083790011124,0.11436786072887994,0.6105611786336146,0.6040751430246135,0.6972876187420994,0.7798602289332115,0.1807810826197499,0.31828649545727217,0.26929470206011796,0.20658476941845283,0.9131211661599277,0.17693245500737442,0.036263651061892443,0.2132412138923857
0.8159754718096472,0.5087117554853345,0.37999966586499256,0.927568145196694,0.0,0.11470154784091846,0.8101163695031568,0.10583127128153491,0.47647631253671496,0.865628682240054,0.8344737217206618,0.34840150535217274,0.48039604504438993,0.676650810786633,0.4431927128927101,0.09187969268063134,0.5825628416366407,0.46996697740762006,0.734101418914102,0.2353777600811796,0.4318286598749854,0.20525390994358295,0.1053367397086239,0.21338760740600127,0.4061037960761189,0.10578459143351604,0.9760096396736591,0.8576569486206822,0.3552891112003489,0.8426372935638032,0.6570251899605146,0.9294089336723421,0.24012082566256232,0.2829151010555838,0.011048884141201198,0.2918177014843214,0.709662788701921,0.1369180441454294,0.8806972103208065,0.33003408689342517,0.8734790382380816,0.43038434770256784,0.34580222373793046,0.8599314959019987,0.7062545101561155,0.3959012454176789,0.5182270319427041,0.8646319079726476,0.7970433361050593,0.2605570323578452
0.7649697539943319,0.5281989255801207,0.3771135826329517,0.8716708107705378,0.11470154784091846,0.0,0.17607109048548708,0.4207047328792499,0.20741563081394132,0.26665567584199645,0.5793768713818555,0.5021366710075422,0.5596313171192437,0.7489919162188066,0.10476983875032442,0.9259245376772207,0.8108591579193858,0.1757069410513017,0.4896753650093999,0.06454560038181822,0.6051065292267955,0.20070567405362527,0.26916689163920116,0.500246514113069,0.8823689572942546,0.035494352745756186,0.16546911263346342,0.9535001927465182,0.11835292499153649,0.03832153449726183,0.20040111638087676,0.15846426612024,0.9179142907990664,0.8803048455222962,0.7606070259793285,0.9759085443211349,0.16381305998836326,0.47534550576070345,0.6906624538132824,0.26855255176867265,0.8043435507071367,0.3379754712469609,0.37411674178033727,0.34176229745425646,0.8679258320129417,0.43463110401392346,0.683660045793914,0.6565155087706053,0.5243521644413673,0.6782460883067736
0.18432969638658903,0.9409157852064963,0.8403516690085161,0.9287884947961225,0.8101163695031568,0.17607109048548708,0.0,0.15863526575510312,0.6799209453804809,0.7818248163886062,0.15515676258791378,0.6330917181033145,0.9050964457516936,0.4322945256307966,0.032674577976304464,0.3759264857036473,0.25227653642804115,0.4316123311342931,0.656619050981782,0.28965649295358176,0.6061846002298994,0.04350397446022103,0.6600179122768329,0.4896724173463809,0.4329853211274658,0.18197252234662453,0.47465913458277686,0.49653507154601406,0.24312796456011698,0.6816728535089677,0.9453470552657884,0.7250091361447674,0.23135213214129202,0.08304752953297467,0.7944051143797767,0.48621814997935675,0.883677934725547,0.04594071974542535,0.24736441082852778,0.6668732563246338,0.7950071003767181,0.14960059638306789,0.24303821187151875,0.989471394492927,0.06108099430558123,0.8017836268972695,0.7234448554665657,0.02523025652063582,0.8933817197978547,0.023676198620349642
0.503954383623477,0.08978677988993589,0.9534283127664622,0.7373729227872413,0.10583127128153491,0.4207047328792499,0.15863526575510312,0.0,0.70573393206133,0.1345177980277067,0.1771285068702384,0.15912770215579297,0.9039262175280867,0.19918905199663672,0.7141990685010127,0.7465343237438624,0.8040365405060297,0.8493901157720966,0.13369109740412932,0.510351588934113,0.9846290027943202,0.5053973878295187,0.5750251188304211,0.4295859752028278,0.5922631658508203,0.8393752031008141,0.7276614687098099,0.4212852847646378,0.28132358844660166,0.5335710118250186,0.9567541717685283,0.23193856802128843,0.8621971588654569,0.556900174348333,0.6770642220827504,0.16289105762278377,0.6003879246836447,0.8693890675239172,0.9296178080058364,0.3775253233467738,0.8902860116749506,0.8455814372364623,0.367526549908578,0.4580314281762097,0.8735744015617781,0.664959377913606,0.2357373479387601,0.41924635082906014,0.6950332110636156,0.47626380486389386
0.8264724308293022,0.48037535487700755,0.45554643128884253,0.5114048941545644,0.47647631253671496,0.20741563081394132,0.6799209453804809,0.70573393206133,0.0,0.7889877494791868,0.30912506028842435,0.6643860610420579,0.8623048524227932,0.17565837932226458,0.1511199520962958,0.6706930463425704,0.627587426570498,0.2726449774960956,0.19814968645318198,0.44315226595606927,0.6234459296770892,0.805935618531706,0.7640137102958527,0.855577804288317,0.020343925927307493,0.5111613978007388,0.11178402025210665,0.8250190581796102,0.45244065153125934,0.33146963902006055,0.21679516592670112,0.3070370118003847,0.17200854470035865,0.7827715522369231,0.44759477817461824,0.7472035608887009,0.15958998157545257,0.9814115281207163,0.2517959090008475,0.6194476758024009,0.18129109652945818,0.6651260633163883,0.09895589884814682,0.3366169934327047,0.6910543455303522,0.0737573520576773,0.35338220849864754,0.06766504235419879,0.8632323471206728,0.2830019379594485
0.049164237892305174,0.8780832340152968,0.1146782995720167,0.025589456628838603,0.865628682240054,0.26665567584199645,0.7818248163886062,0.1345177980277067,0.7889877494791868,0.0,0.014081790020395113,0.711936021357242,0.6478139749263101,0.6589789899958876,0.9947722387300908,0.9946130487552929,0.002170560058638582,0.6503351804955825,0.8905168264937546,0.8576280888779031,0.5644807617933074,0.7300878444582467,0.17677803975826556,0.31516908934891397,0.01810972106479536,0.05773479678171156,0.6346218251027886,0.7831196034953684,0.2533945257066835,0.001937797196082891,0.7704616547239354,0.013240105985400374,0.8155561063445623,0.4959815831169211,0.8119493282297146,0.8204084444322205,0.7797708089126023,0.6074879409168068,0.7071945399169203,0.7507863163254312,0.5783135063122388,0.5061935544572501,0.31595894890821596,0.11864252678400211,0.9646980738266449,0.6988170326318107,0.255112170318025,0.3898432520626268,0.8777813744624419,0.779940042923173
0.806012117219209,0.031223415417211187,0.36754364770609915,0.5964653315916867,0.8344737217206618,0.5793768713818555,0.15515676258791378,0.1771285068702384,0.30912506028842435,0.014081790020395113,0.0,0.26670123683941216,0.6427514186247046,0.13360002776062063,0.9496120207523867,0.7504275036186027,0.0861582996966469,0.005084030020100494,0.5406821990600721,0.6245182401195196,0.9493139310612835,0.9543781740847395,0.2235251120108518,0.5609315143537434,0.7544976557817278,0.7611545139864545,0.3805080706471673,0.342542286892523,0.9040642064685191,0.9308336818477292,0.058972949282708464,0.6613922313876213,0.9211404113537329,0.22342655349952323,0.524550776730939,0.15410118532961103,0.2756530076992234,0.8899517359104091,0.00039941230365847513,0.29375779567311644,0.9211074560217242,0.019980498868217622,0.19979957710713314,0.2704230302540467,0.27354426243680263,0.5273951672010683,0.9536144825911113,0.3461319168079293,0.3512983372353241,0.5284727204624379
0.17494520826070503,0.3020893239482725,0.4326414706253109,0.5875728173681182,0.34840150535217274,0.5021366710075422,0.6330917181033145,0.15912770215579297,0.6643860610420579,0.711936021357242,0.26670123683941216,0.0,0.23932433584472312,0.621496822588455,0.1543275845468327,0.14068777346624617,0.714899692129382,0.9490022161333517,0.5624583755295092,0.24014274287089887,0.5481150316413846,0.7542634395330509,0.6529978982546409,0.4601122871628893,0.17368805024617195,0.3697065897136498,0.12939288659311954,0.48606325473576717,0.15365102068603975,0.6666488251341156,0.21380946068375795,0.3961400575098526,0.48344171898191235,0.09067608565362395,0.5251759062968553,0.2956383842610991,0.9775403525107242,0.12947545664935267,0.4891980944596349,0.4911856347478941,0.45166286376287024,0.5255069622432206,0.30081977329046583,0.4573714046125106,0.5596812467766404,0.30885461955815563,0.18545508023338475,0.15467990832779321,0.08979762697843863,0.5845800632183249
0.18629083355521048,0.34352020950786477,0.8393749901438459,0.37524300352638484,0.48039604504438993,0.5596313171192437,0.9050964457516936,0.9039262175280867,0.8623048524227932,0.6478139749263101,0.6427514186247046,0.23932433584472312,0.0,0.37074589671345337,0.4890972106595918,0.3286327506900907,0.9293784014195161,0.397273081463259,0.5112951986521777,0.32633691341950477,0.5792046937627933,0.3859032049930351,0.005745829770345212,0.4769450881307017,0.6874093490336681,0.0862069820653405,0.47808284731001083,0.2420817837155571,0.7683525408396905,0.9732592318421296,0.171908907002163,0.6641737671875948,0.17103594196987548,0.041341382843232743,0.27087923873029307,0.8227537085056307,0.10242586000652198,0.18440526928619339,0.028335260033376497,0.8299108356137913,0.98346832518133,0.7238058206828776,0.45000160297299807,0.4022512056254275,0.11578195822669646,0.67357766616816,0.36468066339538907,0.44590731673980677,0.6097462365679285,0.3677474444386948
0.08568124593168147,0.5668872593824595,0.9337907196877128,0.19346398140534238,0.676650810786633,0.7489919162188066,0.4322945256307966,0.19918905199663672,0.17565837932226458,0.6589789899958876,0.13360002776062063,0.621496822588455,0.37074589671345337,0.0,0.5942008029034981,0.9020503822176054,0.43877930966354206,0.45722978528454095,0.3039154124320622,0.9666080852906077,0.7799567858738675,0.2497716781139392,0.6971433278116516,0.09909185256371478,0.5009044030584051,0.018929802586575173,0.8438516430506829,0.8127672677017953,0.6095367436097578,0.8567147278668868,0.5513649802404343,0.5607133503822741,0.0674445687335623,0.3151264815873207,0.421495350251179,0.7034366603711397,0.8810100906154053,0.7311982626619069,0.2560044082873737,0.6766860331755666,0.47989729955815885,0.7749814127324471,0.22142244610020523,0.49057835102522185,0.48115429361725304,0.4470469170832133,0.8978871634266065,0.5552914468079073,0.007910746271442282,0.6419825250504758
0.6965713867048425,0.4280015183140705,0.43801774662734416,0.15428350066770302,0.4431927128927101,0.10476983875032442,0.032674577976304464,0.7141990685010127,0.1511199520962958,0.9947722387300908,0.9496120207523867,0.1543275845468327,0.4890972106595918,0.5942008029034981,0.0,0.8609225756725839,0.020084694004048775,0.6574151066152866,0.6320109210671072,0.664699215825648,0.570582351977898,0.28470771508455894,0.41076672506633694,0.16626054768964138,0.2036233185766403,0.5544332508954483,0.24234511852499618,0.18352088862384552,0.22863361080923716,0.9175664601312375,0.3506981281955103,0.0006829949669812097,0.6079149992709603,0.23505628753175545,0.013886309361882176,0.23920988842460944,0.8558200886957011,0.27543566247468176,0.5345810508010368,0.6448526431592193,0.6610680539170068,0.8663023980503843,0.29378758401953875,0.16061427213887025,0.13192599493908952,0.0595716584602336,0.4993658325184219,0.5236723548729086,0.7285336476053809,0.03180523920508427
0.23166220301649454,0.6989025319796472,0.5481163645329789,0.5703504120932487,0.09187969268063134,0.9259245376772207,0.3759264857036473,0.7465343237438624,0.6706930463425704,0.9946130487552929,0.7504275036186027,0.14068777346624617,0.3286327506900907,0.9020503822176054,0.8609225756725839,0.0,0.6383433297623073,0.26486623662005115,0.7257630773019179,0.20303071035561415,0.5477958998617118,0.7002262546378651,0.03352993605146759,0.34820615024585577,0.5553917160730102,0.9707841592682949,0.16031389079768565,0.7079418914377098,0.3451563302451942,0.8016833277669835,0.8282801632141656,0.5395198592346596,0.6029167068891844,0.8705224881969973,0.2458794095653335,0.28966406250840315,0.023815602449723028,0.33359472001155344,0.7936385142394724,0.46259101894487886,0.6098541326378816,0.002073828402718858,0.31024895363487526,0.02334794431422793,0.8036992752222891,0.2600027984144243,0.7432419315399056,0.47380766561411103,0.12085257469593558,0.9450829344372883
0.2169455372255077,0.6247234673753279,0.2632047780887412,0.3766078764509977,0.5825628416366407,0.8108591579193858,0.25227653642804115,0.8040365405060297,0.627587426570498,0.002170560058638582,0.0861582996966469,0.714899692129382,0.9293784014195161,0.43877930966354206,0.020084694004048775,0.6383433297623073,0.0,0.3304372437944807,0.3776964736508853,0.7402315482104412,0.535329626512843,0.631384105604628,0.18217156383558541,0.43026646311154637,0.8497709420045632,0.6556598935439607,0.13154885110236925,0.17293440624846046,0.7204249667442776,0.514815779588727,0.18808336736516829,0.6992022211482333,0.08500079742435318,0.3757836464058667,0.8022245362824932,0.2514212084998757,0.2168008169850828,0.6443570160439072,0.3153647704147189,0.11288075300084943,0.6142929254134225,0.048452155660460794,0.8876351979426117,0.2554899259056327,0.685899757568357,0.21281184840307865,0.31220698124715185,0.012669487183579409,0.0675660308113134,0.2884510306219745
0.3712529624375348,0.1393764456361426,0.24431908022935878,0.6720894002149832,0.46996697740762006,0.1757069410513017,0.4316123311342931,0.8493901157720966,0.2726449774960956,0.6503351804955825,0.005084030020100494,0.9490022161333517,0.397273081463259,0.45722978528454095,0.6574151066152866,0.26486623662005115,0.3304372437944807,0.0,0.5082938323820412,0.29452775375413776,0.5443311714595483,0.9689437496476838,0.3778037411040239,0.4162558441854646,0.12994825032935364,0.7052712062823018,0.3805639478329612,0.1301456109420227,0.5085957050928721,0.21159523940250635,0.01574684581662056,0.8323815499400142,0.010674214892320233,0.28138628501137297,0.5398951544534434,0.7386849894695354,0.915151213357096,0.8024761451622274,0.19585409999698167,0.7395758758047605,0.6517519211421141,0.8762953849340163,0.11349154337664069,0.20057780375213263,0.5467821765409626,0.20037030028006453,0.34702325664784084,0.6157950768434565,0.6089564224613423,0.30512493408768737
0.11140768523402012,0.3183748804808013,0.7118503813585957,0.22708421801121104,0.734101418914102,0.4896753650093999,0.656619050981782,0.13369109740412932,0.19814968645318198,0.8905168264937546,0.5406821990600721,0.5624583755295092,0.5112951986521777,0.3039154124320622,0.6320109210671072,0.7257630773019179,0.3776964736508853,0.5082938323820412,0.0,0.5165530299072137,0.7514519442050734,0.7883651034537235,0.28022415681140267,0.15359902358799515,0.5050842641012173,0.49452237131763777,0.5478786286993722,0.6959285334863627,0.11890318828511559,0.864345951679604,0.8394855897334361,0.03846395504723121,0.38536039703080094,0.8481861493157082,0.491152243553168,0.01886753421119658,0.6071659482432216,0.7484352531151315,0.4002055026785285,0.9714562287054925,0.006620032059006964,0.8683450808902313,0.33241005813355773,0.3536177348125844,0.9863734587052062,0.09046642159242935,0.5851038661989014,0.18912357897576282,0.08070526169980807,0.8521197017023616
0.5845890054227242,0.8617405348686477,0.23113728077222395,0.6227951212487818,0.2353777600811796,0.06454560038181822,0.28965649295358176,0.510351588934113,0.44315226595606927,0.8576280888779031,0.6245182401195196,0.24014274287089887,0.32633691341950477,0.9666080852906077,0.664699215825648,0.20303071035561415,0.7402315482104412,0.29452775375413776,0.5165530299072137,0.0,0.009814527040748366,0.048692517480245834,0.9075119819940812,0.9892922060773938,0.8642651472805121,0.21353246607507048,0.06937362354609455,0.8825038283951642,0.2724173042125436,0.1792756838848627,0.3093812324012636,0.11528466256030656,0.3302770497450459,0.33838075360497666,0.42918708293213803,0.045335108176636885,0.4009379036241715,0.896584246477371,0.6245862888561184,0.19102856494959197,0.07039930585366483,0.7209598405476454,0.6043810608666736,0.7598901259321337,0.6823235167100584,0.45837923111985235,0.8236004539793025,0.3073962798161677,0.9881794515615622,0.8536496399687524
0.7977505313632344,0.7305735086394772,0.8747701342245167,0.5283484110306227,0.4318286598749854,0.6051065292267955,0.6061846002298994,0.9846290027943202,0.6234459296770892,0.5644807617933074,0.9493139310612835,0.5481150316413846,0.5792046937627933,0.7799567858738675,0.570582351977898,0.5477958998617118,0.535329626512843,0.5443311714595483,0.7514519442050734,0.009814527040748366,0.0,0.6743543371457289,0.2455978365103907,0.7887537759669234,0.150335493444826,0.32135981938458524,0.41646897583203335,0.7480127671784622,0.6935067339443901,0.879397049749134,0.6026773719138989,0.8613978952626103,0.8833587836231893,0.7161858375769138,0.05223913034001415,0.744129427009127,0.32894179340929797,0.2712688096416923,0.9797171442874942,0.47924031028336356,0.9222581553982369,0.16127505689807975,0.13877185581992668,0.1665794232159996,0.17271081666747878,0.26599620948558567,0.22941192832398538,0.9833529156039287,0.6399306100002755,0.3426988822357614
0.9603587413883771,0.3655603775619485,0.6096580978278081,0.38268252794923774,0.20525390994358295,0.20070567405362527,0.04350397446022103,0.5053973878295187,0.805935618531706,0.7300878444582467,0.9543781740847395,0.7542634395330509,0.3859032049930351,0.2497716781139392,0.28470771508455894,0.7002262546378651,0.631384105604628,0.9689437496476838,0.7883651034537235,0.048692517480245834,0.6743543371457289,0.0,0.24466038952206748,0.3142605406785953,0.3690287109251851,0.678598695881188,0.8838449916626425,0.3762635083623508,0.21618871552789853,0.6859113250542379,0.9469422741929072,0.09340849054859846,0.0005375394530204858,0.31001045819115447,0.5944365613902469,0.40498605598978754,0.7102593061123831,0.281491407394059,0.448996091311882,0.07951749884494796,0.10318914680488078,0.4770875003132665,0.7352085776966257,0.0807966295665522,0.7274464456175438,0.19639996448314512,0.835669577427589,0.6735692217660569,0.5396691045869131,0.6364642850938058
0.4632296104044754,0.6904708412288874,0.9412135295946396,0.10592489954502993,0.1053367397086239,0.26916689163920116,0.6600179122768329,0.5750251188304211,0.7640137102958527,0.17677803975826556,0.2235251120108518,0.6529978982546409,0.005745829770345212,0.6971433278116516,0.41076672506633694,0.03352993605146759,0.18217156383558541,0.3778037411040239,0.28022415681140267,0.9075119819940812,0.2455978365103907,0.24466038952206748,0.0,0.5865453251388866,0.1254096201982744,0.7847669662564921,0.9906601788334041,0.38389570728428934,0.3135338808976409,0.8570158278756168,0.8695731622057966,0.22576808636381673,0.4306898106624303,0.6413402261328307,0.008593215927534037,0.1107696063503093,0.6475545843451397,0.657561759701986,0.606834969951488,0.5900852448112521,0.5852944700243813,0.16783893085526014,0.3411773930310109,0.6285241702646458,0.02516361262605804,0.42484181712877334,0.6104332606214226,0.9167734969164609,0.5831983726236718,0.4504700214451899
0.11193244396007596,0.12059839130410377,0.5794877624639231,0.6277408665180125,0.21338760740600127,0.500246514113069,0.4896724173463809,0.4295859752028278,0.855577804288317,0.31516908934891397,0.5609315143537434,0.4601122871628893,0.4769450881307017,0.09909185256371478,0.16626054768964138,0.34820615024585577,0.43026646311154637,0.4162558441854646,0.15359902358799515,0.9892922060773938,0.7887537759669234,0.3142605406785953,0.5865453251388866,0.0,0.8209846252499203,0.3735005979038095,0.537935692428072,0.7772163021453574,0.1582586000546331,0.14911228099569895,0.08990535451152404,0.05497543253063297,0.7320908059579229,0.09759372779391151,0.46550592995801354,0.26206939320128175,0.8249229133994914,0.8720302218992879,0.18681071055311538,0.927265868601422,0.05644790412451084,0.4613480581283218,0.45984982912136074,0.38157671823888595,0.4394028932646906,0.5640379120251557,0.6996860572855106,0.6604953744425711,0.2938106537218237,0.8325353518402693
0.3407021173440875,0.889198491912785,0.9340432972804243,0.12072147641828135,0.4061037960761189,0.8823689572942546,0.4329853211274658,0.5922631658508203,0.020343925927307493,0.01810972106479536,0.7544976557817278,0.17368805024617195,0.6874093490336681,0.5009044030584051,0.2036233185766403,0.5553917160730102,0.8497709420045632,0.12994825032935364,0.5050842641012173,0.8642651472805121,0.150335493444826,0.3690287109251851,0.1254096201982744,0.8209846252499203,0.0,0.3385676425641079,0.4892251890483458,0.8791050416744369,0.7616912497567262,0.3179370890545057,0.8637235357005744,0.14533257798946075,0.7478367310550614,0.3442926262709969,0.7848829806587201,0.755364217077347,0.12370929748335469,0.21597130082915927,0.07668386675567074,0.16526830180435503,0.5647829098065952,0.8086135767496928,0.18472569204083122,0.28669378978067306,0.0846483831335737,0.5011614943533331,0.14622974679062162,0.8693506335132022,0.952491730915105,0.17621877105360573
0.4328945252980477,0.2612674697765621,0.9126110456583976,0.3908940904976641,0.10578459143351604,0.035494352745756186,0.18197252234662453,0.8393752031008141,0.5111613978007388,0.05773479678171156,0.7611545139864545,0.3697065897136498,0.0862069820653405,0.018929802586575173,0.5544332508954483,0.9707841592682949,0.6556598935439607,0.7052712062823018,0.49452237131763777,0.21353246607507048,0.32135981938458524,0.678598695881188,0.7847669662564921,0.3735005979038095,0.3385676425641079,0.0,0.508371161187652,0.7673346452270979,0.021159436093945216,0.42927191570984047,0.12217554044556667,0.13373423689350972,0.7911760758260489,0.9455554713190735,0.5995731101024756,0.733341574942369,0.4201691139173529,0.1484128040527798,0.9059260964644097,0.23095515495881924,0.7829437547764462,0.7449332811280235,0.8372612509779432,0.07175767991872284,0.25994565707986017,0.21738187859706382,0.34324646639246703,0.4823523271001058,0.26730764497625237,0.21498403261966992
0.9602065848601434,0.7299207782029544,0.529322701707927,0.9951159558680278,0.9760096396736591,0.16546911263346342,0.47465913458277686,0.7276614687098099,0.11178402025210665,0.6346218251027886,0.3805080706471673,0.12939288659311954,0.47808284731001083,0.8438516430506829,0.24234511852499618,0.16031389079768565,0.13154885110236925,0.3805639478329612,0.5478786286993722,0.06937362354609455,0.41646897583203335,0.8838449916626425,0.9906601788334041,0.537935692428072,0.4892251890483458,0.508371161187652,0.0,0.6038704866887482,0.09177170652033595,0.29791710273370153,0.48109801817290887,0.7837740753469935,0.7601161632473087,0.4698844320482337,0.45493153331847536,0.3209558809009234,0.24647170896541837,0.4422945772001253,0.36908801225791166,0.05597892245503289,0.3784991583880837,0.2510864328281831,0.6449473036651379,0.6816363427707582,0.8029645670407082,0.025635857184576505,0.6597432084681845,0.397068492457196,0.8613426160799709,0.6188943947179393
0.18069731562212454,0.35056044062278136,0.5347888311315309,0.11838911863171964,0.8576569486206822,0.9535001927465182,0.49653507154601406,0.4212852847646378,0.8250190581796102,0.7831196034953684,0.342542286892523,0.48606325473576717,0.2420817837155571,0.8127672677017953,0.18352088862384552,0.7079418914377098,0.17293440624846046,0.1301456109420227,0.6959285334863627,0.8825038283951642,0.7480127671784622,0.3762635083623508,0.38389570728428934,0.7772163021453574,0.8791050416744369,0.7673346452270979,0.6038704866887482,0.0,0.364101416861365,0.7824010919328034,0.2366615258796061,0.6271389514987811,0.71275496856617,0.20476788102616494,0.387686029836245,0.23791520973873947,0.9372960265394217,0.07160427452369356,0.5897377965453421,0.1429081170643829,0.5552661425721519,0.31918223636693777,0.0791918861239913,0.5506368521869027,0.931130301928217,0.961755870554094,0.6817565924390799,0.36955507013071953,0.6011394450029957,0.2099166078219329
0.27673317380406925,0.618783779072277,0.205011904187955,0.7271215982472136,0.3552891112003489,0.11835292499153649,0.24312796456011698,0.28132358844660166,0.45244065153125934,0.2533945257066835,0.9040642064685191,0.15365102068603975,0.7683525408396905,0.6095367436097578,0.22863361080923716,0.3451563302451942,0.7204249667442776,0.5085957050928721,0.11890318828511559,0.2724173042125436,0.6935067339443901,0.21618871552789853,0.3135338808976409,0.1582586000546331,0.7616912497567262,0.021159436093945216,0.09177170652033595,0.364101416861365,0.0,0.05677072343625611,0.9811404567683054,0.29625300969778534,0.657831532890423,0.6027474306946567,0.7201361393898587,0.8243011129906228,0.1944190844435163,0.3607950729740814,0.24408818650722786,0.36602200693794196,0.5706671749614552,0.40784379870325016,0.03996568889627128,0.47266891867123495,0.5535624466187935,0.9953476597259028,0.44035100844978137,0.6373878535373658,0.12300309146332022,0.9662978193437433
0.4549747030425959,0.9242108389370305,0.36371241922097874,0.21633660515961906,0.8426372935638032,0.03832153449726183,0.6816728535089677,0.5335710118250186,0.33146963902006055,0.001937797196082891,0.9308336818477292,0.6666488251341156,0.9732592318421296,0.8567147278668868,0.9175664601312375,0.8016833277669835,0.514815779588727,0.21159523940250635,0.864345951679604,0.1792756838848627,0.879397049749134,0.6859113250542379,0.8570158278756168,0.14911228099569895,0.3179370890545057,0.42927191570984047,0.29791710273370153,0.7824010919328034,0.05677072343625611,0.0,0.6773185522029382,0.04494256475308789,0.4185608629216341,0.5268187795366748,0.7928563294563051,0.06778633596997097,0.9420734600309909,0.03972791186271152,0.17120117470595264,0.651084361883898,0.3567978190666129,0.9568922237018148,0.11294626975841826,0.09404159402277201,0.9541839804881251,0.9713154917383342,0.9938231363227882,0.07875155744124218,0.01194638734191733,0.5715891669499668
0.5049198775535073,0.972390658188863,0.20655083361079007,0.14309466537896343,0.6570251899605146,0.20040111638087676,0.9453470552657884,0.9567541717685283,0.21679516592670112,0.7704616547239354,0.058972949282708464,0.21380946068375795,0.171908907002163,0.5513649802404343,0.3506981281955103,0.8282801632141656,0.18808336736516829,0.01574684581662056,0.8394855897334361,0.3093812324012636,0.6026773719138989,0.9469422741929072,0.8695731622057966,0.08990535451152404,0.8637235357005744,0.12217554044556667,0.48109801817290887,0.2366615258796061,0.9811404567683054,0.6773185522029382,0.0,0.7795067312535016,0.655145708916285,0.06008861654743547,0.10772516288174239,0.7696458679071367,0.29415186680559324,0.8402194207071841,0.5122322909983943,0.8474674321175879,0.1994052763473494,0.032412140873016915,0.4904648831328896,0.4713172943504651,0.5796571255914011,0.23529377291322762,0.7395351529634755,0.17359409755437527,0.5095658173867708,0.20384679110649973
0.506524993021042,0.2899011174396626,0.44079186214636157,0.9996581920853179,0.9294089336723421,0.15846426612024,0.7250091361447674,0.23193856802128843,0.3070370118003847,0.013240105985400374,0.6613922313876213,0.3961400575098526,0.6641737671875948,0.5607133503822741,0.0006829949669812097,0.5395198592346596,0.6992022211482333,0.8323815499400142,0.03846395504723121,0.11528466256030656,0.8613978952626103,0.09340849054859846,0.22576808636381673,0.05497543253063297,0.14533257798946075,0.13373423689350972,0.7837740753469935,0.6271389514987811,0.29625300969778534,0.04494256475308789,0.7795067312535016,0.0,0.5249869186796547,0.5773615063546133,0.5629369084051914,0.32191701254307037,0.24526403000671282,0.7004033739003955,0.9559960702258813,0.6774023445632876,0.7052999367308316,0.6102538523847351,0.5228990325356642,0.8660007352514206,0.7901646273632769,0.0046056652439283585,0.6388940254961537,0.9297168993604011,0.5461007667601607,0.3228193285021348
0.06695494127708213,0.2729206724870239,0.7214371092568534,0.8429862711186317,0.24012082566256232,0.9179142907990664,0.23135213214129202,0.8621971588654569,0.17200854470035865,0.8155561063445623,0.9211404113537329,0.48344171898191235,0.17103594196987548,0.0674445687335623,0.6079149992709603,0.6029167068891844,0.08500079742435318,0.010674214892320233,0.38536039703080094,0.3302770497450459,0.8833587836231893,0.0005375394530204858,0.4306898106624303,0.7320908059579229,0.7478367310550614,0.7911760758260489,0.7601161632473087,0.71275496856617,0.657831532890423,0.4185608629216341,0.655145708916285,0.5249869186796547,0.0,0.6007281571547861,0.3685179066546681,0.527576552991537,0.7802578973301609,0.855052006289785,0.7492276440654367,0.21575519098348261,0.48538473968000184,0.7747951543576875,0.5001587107480047,0.5312316463171219,0.3312499953426288,0.3390170363538364,0.5960226550047452,0.1652295287786959,0.30856536583374183,0.9273404161513802
0.859621766596754,0.040514045331711546,0.7406878506215272,0.23488106811172837,0.2829151010555838,0.8803048455222962,0.08304752953297467,0.556900174348333,0.7827715522369231,0.4959815831169211,0.22342655349952323,0.09067608565362395,0.041341382843232743,0.3151264815873207,0.23505628753175545,0.8705224881969973,0.3757836464058667,0.28138628501137297,0.8481861493157082,0.33838075360497666,0.7161858375769138,0.31001045819115447,0.6413402261328307,0.09759372779391151,0.3442926262709969,0.9455554713190735,0.4698844320482337,0.20476788102616494,0.6027474306946567,0.5268187795366748,0.06008861654743547,0.5773615063546133,0.6007281571547861,0.0,0.34426134380969975,0.2592754520461883,0.9074088279005242,0.9732551846721451,0.5745860112744291,0.5358753186815605,0.559177039624075,0.49181519002438356,0.044868924606660254,0.7111200430380201,0.1396271009629132,0.15625465584717635,0.02295055245744837,0.5399217238111623,0.7683319860255193,0.8788945630977757
0.14806565326840926,0.42617527222682916,0.43775322974587094,0.6915801648466595,0.011048884141201198,0.7606070259793285,0.7944051143797767,0.6770642220827504,0.44759477817461824,0.8119493282297146,0.524550776730939,0.5251759062968553,0.27087923873029307,0.421495350251179,0.013886309361882176,0.2458794095653335,0.8022245362824932,0.5398951544534434,0.491152243553168,0.42918708293213803,0.05223913034001415,0.5944365613902469,0.008593215927534037,0.46550592995801354,0.7848829806587201,0.5995731101024756,0.45493153331847536,0.387686029836245,0.7201361393898587,0.7928563294563051,0.10772516288174239,0.5629369084051914,0.3685179066546681,0.34426134380969975,0.0,0.9126384865482621,0.817581110466934,0.6454727583055114,0.30206403585306685,0.4319378306256296,0.42042413428735825,0.10172318521820911,0.2150778576287129,0.31844064573542663,0.5717683763589005,0.7131068760811369,0.5538683256352533,0.9870577043675972,0.34667304395084375,0.15864276793582555
0.7150932677468779,0.2821826262023053,0.2961597147295588,0.20961566473873294,0.2918177014843214,0.9759085443211349,0.48621814997935675,0.16289105762278377,0.7472035608887009,0.8204084444322205,0.15410118532961103,0.2956383842610991,0.8227537085056307,0.7034366603711397,0.23920988842460944,0.28966406250840315,0.2514212084998757,0.7386849894695354,0.01886753421119658,0.045335108176636885,0.744129427009127,0.40498605598978754,0.1107696063503093,0.26206939320128175,0.755364217077347,0.733341574942369,0.3209558809009234,0.23791520973873947,0.8243011129906228,0.06778633596997097,0.7696458679071367,0.32191701254307037,0.527576552991537,0.2592754520461883,0.9126384865482621,0.0,0.33031861558117104,0.7085104384887648,0.48605845564392314,0.655320763689089,0.6647862792128503,0.20737450723575213,0.12270604783874106,0.9093019342235605,0.5322083856998893,0.48275812346050995,0.2969885559580522,0.28287608550487375,0.9499804395319909,0.5752333237713373
0.9974768646325782,0.13479631526502867,0.8118473894459527,0.8562083790011124,0.709662788701921,0.16381305998836326,0.883677934725547,0.6003879246836447,0.15958998157545257,0.7797708089126023,0.2756530076992234,0.9775403525107242,0.10242586000652198,0.8810100906154053,0.8558200886957011,0.023815602449723028,0.2168008169850828,0.915151213357096,0.6071659482432216,0.4009379036241715,0.32894179340929797,0.7102593061123831,0.6475545843451397,0.8249229133994914,0.12370929748335469,0.4201691139173529,0.24647170896541837,0.9372960265394217,0.1944190844435163,0.9420734600309909,0.29415186680559324,0.24526403000671282,0.7802578973301609,0.9074088279005242,0.817581110466934,0.33031861558117104,0.0,0.1602265664001432,0.7990913019275654,0.8019733611434269,0.3039019269753147,0.028033549828936244,0.0432623039394775,0.8045568435956691,0.4794836029949483,0.28219177923347527,0.9909575017576066,0.2857468085807031,0.1395923040866901,0.7265874805704752
0.46941405183672746,0.6470950925667646,0.46798965781013546,0.11436786072887994,0.1369180441454294,0.47534550576070345,0.04594071974542535,0.8693890675239172,0.9814115281207163,0.6074879409168068,0.8899517359104091,0.12947545664935267,0.18440526928619339,0.7311982626619069,0.27543566247468176,0.33359472001155344,0.6443570160439072,0.8024761451622274,0.7484352531151315,0.896584246477371,0.2712688096416923,0.281491407394059,0.657561759701986,0.8720302218992879,0.21597130082915927,0.1484128040527798,0.4422945772001253,0.07160427452369356,0.3607950729740814,0.03972791186271152,0.8402194207071841,0.7004033739003955,0.855052006289785,0.9732551846721451,0.6454727583055114,0.7085104384887648,0.1602265664001432,0.0,0.2165323628633593,0.7364884810035162,0.4572655601977649,0.5175310752388862,0.22460707568475669,0.3114136764936164,0.46596981155640393,0.1863483092801761,0.4596270516132913,0.7195940487940565,0.8633764859154623,0.5827312795422304
0.22605868262418893,0.8104715032149757,0.8208623975730654,0.6105611786336146,0.8806972103208065,0.6906624538132824,0.24736441082852778,0.9296178080058364,0.2517959090008475,0.7071945399169203,0.00039941230365847513,0.4891980944596349,0.028335260033376497,0.2560044082873737,0.5345810508010368,0.7936385142394724,0.3153647704147189,0.19585409999698167,0.4002055026785285,0.6245862888561184,0.9797171442874942,0.448996091311882,0.606834969951488,0.18681071055311538,0.07668386675567074,0.9059260964644097,0.36908801225791166,0.5897377965453421,0.24408818650722786,0.17120117470595264,0.5122322909983943,0.9559960702258813,0.7492276440654367,0.5745860112744291,0.30206403585306685,0.48605845564392314,0.7990913019275654,0.2165323628633593,0.0,0.5494940192362189,0.2863974721814665,0.17979589222199044,0.9737778458603352,0.8099252626485989,0.8304873599056056,0.9281815448261499,0.33767249376343256,0.0767858430763606,0.48458263609168917,0.21691415688816973
0.019975627943273677,0.9749965169114448,0.06486741615066594,0.6040751430246135,0.33003408689342517,0.26855255176867265,0.6668732563246338,0.3775253233467738,0.6194476758024009,0.7507863163254312,0.29375779567311644,0.4911856347478941,0.8299108356137913,0.6766860331755666,0.6448526431592193,0.46259101894487886,0.11288075300084943,0.7395758758047605,0.9714562287054925,0.19102856494959197,0.47924031028336356,0.07951749884494796,0.5900852448112521,0.927265868601422,0.16526830180435503,0.23095515495881924,0.05597892245503289,0.1429081170643829,0.36602200693794196,0.651084361883898,0.8474674321175879,0.6774023445632876,0.21575519098348261,0.5358753186815605,0.4319378306256296,0.655320763689089,0.8019733611434269,0.7364884810035162,0.5494940192362189,0.0,0.4546571524380909,0.07539414469354822,0.1064404198611143,0.5804037905494995,0.7029831823781688,0.053859744715466396,0.9773936071511092,0.19890903490722645,0.2901375383105681,0.6711569262655133
0.0837888240239184,0.6946448182601754,0.8459930157052972,0.6972876187420994,0.8734790382380816,0.8043435507071367,0.7950071003767181,0.8902860116749506,0.18129109652945818,0.5783135063122388,0.9211074560217242,0.45166286376287024,0.98346832518133,0.47989729955815885,0.6610680539170068,0.6098541326378816,0.6142929254134225,0.6517519211421141,0.006620032059006964,0.07039930585366483,0.9222581553982369,0.10318914680488078,0.5852944700243813,0.05644790412451084,0.5647829098065952,0.7829437547764462,0.3784991583880837,0.5552661425721519,0.5706671749614552,0.3567978190666129,0.1994052763473494,0.7052999367308316,0.48538473968000184,0.559177039624075,0.42042413428735825,0.6647862792128503,0.3039019269753147,0.4572655601977649,0.2863974721814665,0.4546571524380909,0.0,0.719832004868111,0.594869445494708,0.27977248228066476,0.36410236887553604,0.39159139416123545,0.27087462987052513,0.7620165570485012,0.4462350802162942,0.4020595643225079
0.7634131914075194,0.5706833099994272,0.8784253026909585,0.7798602289332115,0.43038434770256784,0.3379754712469609,0.14960059638306789,0.8455814372364623,0.6651260633163883,0.5061935544572501,0.019980498868217622,0.5255069622432206,0.7238058206828776,0.7749814127324471,0.8663023980503843,0.002073828402718858,0.048452155660460794,0.8762953849340163,0.8683450808902313,0.7209598405476454,0.16127505689807975,0.4770875003132665,0.16783893085526014,0.4613480581283218,0.8086135767496928,0.7449332811280235,0.2510864328281831,0.31918223636693777,0.40784379870325016,0.9568922237018148,0.032412140873016915,0.6102538523847351,0.7747951543576875,0.49181519002438356,0.10172318521820911,0.20737450723575213,0.028033549828936244,0.5175310752388862,0.17979589222199044,0.07539414469354822,0.719832004868111,0.0,0.844786071538412,0.2713595297207313,0.11532534508663261,0.36074472447673467,0.8593859783555435,0.5632792162826887,0.4327804955368769,0.01727898909719594
0.7258711033723237,0.48150381950036647,0.1465604143746121,0.1807810826197499,0.34580222373793046,0.37411674178033727,0.24303821187151875,0.367526549908578,0.09895589884814682,0.31595894890821596,0.19979957710713314,0.30081977329046583,0.45000160297299807,0.22142244610020523,0.29378758401953875,0.31024895363487526,0.8876351979426117,0.11349154337664069,0.33241005813355773,0.6043810608666736,0.13877185581992668,0.7352085776966257,0.3411773930310109,0.45984982912136074,0.18472569204083122,0.8372612509779432,0.6449473036651379,0.0791918861239913,0.03996568889627128,0.11294626975841826,0.4904648831328896,0.5228990325356642,0.5001587107480047,0.044868924606660254,0.2150778576287129,0.12270604783874106,0.0432623039394775,0.22460707568475669,0.9737778458603352,0.1064404198611143,0.594869445494708,0.844786071538412,0.0,0.7246145617128237,0.010245196350462837,0.55498307421225,0.0008407748586682917,0.07731302303066967,0.15516040136441767,0.7464004930915733
0.4879587660479062,0.7536703841201778,0.6119280576373313,0.31828649545727217,0.8599314959019987,0.34176229745425646,0.989471394492927,0.4580314281762097,0.3366169934327047,0.11864252678400211,0.2704230302540467,0.4573714046125106,0.4022512056254275,0.49057835102522185,0.16061427213887025,0.02334794431422793,0.2554899259056327,0.20057780375213263,0.3536177348125844,0.7598901259321337,0.1665794232159996,0.0807966295665522,0.6285241702646458,0.38157671823888595,0.28669378978067306,0.07175767991872284,0.6816363427707582,0.5506368521869027,0.47266891867123495,0.09404159402277201,0.4713172943504651,0.8660007352514206,0.5312316463171219,0.7111200430380201,0.31844064573542663,0.9093019342235605,0.8045568435956691,0.3114136764936164,0.8099252626485989,0.5804037905494995,0.27977248228066476,0.2713595297207313,0.7246145617128237,0.0,0.4831099749806299,0.6313884691319033,0.09533640625884998,0.17102497221557256,0.10041191527958615,0.020959899467382637
0.9705756442038308,0.5779898935014733,0.2155453071322424,0.26929470206011796,0.7062545101561155,0.8679258320129417,0.06108099430558123,0.8735744015617781,0.6910543455303522,0.9646980738266449,0.27354426243680263,0.5596812467766404,0.11578195822669646,0.48115429361725304,0.13192599493908952,0.8036992752222891,0.685899757568357,0.5467821765409626,0.9863734587052062,0.6823235167100584,0.17271081666747878,0.7274464456175438,0.02516361262605804,0.4394028932646906,0.0846483831335737,0.25994565707986017,0.8029645670407082,0.931130301928217,0.5535624466187935,0.9541839804881251,0.5796571255914011,0.7901646273632769,0.3312499953426288,0.1396271009629132,0.5717683763589005,0.5322083856998893,0.4794836029949483,0.46596981155640393,0.8304873599056056,0.7029831823781688,0.36410236887553604,0.11532534508663261,0.010245196350462837,0.4831099749806299,0.0,0.5156264069438459,0.3330107941714602,0.08519493083290897,0.16280936632730103,0.47461066171787136
0.7197988471340616,0.9672793268300015,0.9435368218729652,0.20658476941845283,0.3959012454176789,0.43463110401392346,0.8017836268972695,0.664959377913606,0.0737573520576773,0.6988170326318107,0.5273951672010683,0.30885461955815563,0.67357766616816,0.4470469170832133,0.0595716584602336,0.2600027984144243,0.21281184840307865,0.20037030028006453,0.09046642159242935,0.45837923111985235,0.26599620948558567,0.19639996448314512,0.42484181712877334,0.5640379120251557,0.5011614943533331,0.21738187859706382,0.025635857184576505,0.961755870554094,0.9953476597259028,0.9713154917383342,0.23529377291322762,0.0046056652439283585,0.3390170363538364,0.15625465584717635,0.7131068760811369,0.48275812346050995,0.28219177923347527,0.1863483092801761,0.9281815448261499,0.053859744715466396,0.39159139416123545,0.36074472447673467,0.55498307421225,0.6313884691319033,0.5156264069438459,0.0,0.5488072469755725,0.6433752227057471,0.601015319061625,0.41444239089287127
0.524680051695437,0.8625974430596866,0.696451297323289,0.9131211661599277,0.5182270319427041,0.683660045793914,0.7234448554665657,0.2357373479387601,0.35338220849864754,0.255112170318025,0.9536144825911113,0.18545508023338475,0.36468066339538907,0.8978871634266065,0.4993658325184219,0.7432419315399056,0.31220698124715185,0.34702325664784084,0.5851038661989014,0.8236004539793025,0.22941192832398538,0.835669577427589,0.6104332606214226,0.6996860572855106,0.14622974679062162,0.34324646639246703,0.6597432084681845,0.6817565924390799,0.44035100844978137,0.9938231363227882,0.7395351529634755,0.6388940254961537,0.5960226550047452,0.02295055245744837,0.5538683256352533,0.2969885559580522,0.9909575017576066,0.4596270516132913,0.33767249376343256,0.9773936071511092,0.27087462987052513,0.8593859783555435,0.0008407748586682917,0.09533640625884998,0.3330107941714602,0.5488072469755725,0.0,0.40472264607700115,0.49061217504912624,0.3510329214388783
0.9775766725028475,0.7869115106114198,0.30641012288433445,0.17693245500737442,0.8646319079726476,0.6565155087706053,0.02523025652063582,0.41924635082906014,0.06766504235419879,0.3898432520626268,0.3461319168079293,0.15467990832779321,0.44590731673980677,0.5552914468079073,0.5236723548729086,0.47380766561411103,0.012669487183579409,0.6157950768434565,0.18912357897576282,0.3073962798161677,0.9833529156039287,0.6735692217660569,0.9167734969164609,0.6604953744425711,0.8693506335132022,0.4823523271001058,0.397068492457196,0.36955507013071953,0.6373878535373658,0.07875155744124218,0.17359409755437527,0.9297168993604011,0.1652295287786959,0.5399217238111623,0.9870577043675972,0.28287608550487375,0.2857468085807031,0.7195940487940565,0.0767858430763606,0.19890903490722645,0.7620165570485012,0.5632792162826887,0.07731302303066967,0.17102497221557256,0.08519493083290897,0.6433752227057471,0.40472264607700115,0.0,0.3210109234571702,0.9788077632641793
0.053441697954020095,0.28677738286498455,0.9783420475155182,0.036263651061892443,0.7970433361050593,0.5243521644413673,0.8933817197978547,0.6950332110636156,0.8632323471206728,0.8777813744624419,0.3512983372353241,0.08979762697843863,0.6097462365679285,0.007910746271442282,0.7285336476053809,0.12085257469593558,0.0675660308113134,0.6089564224613423,0.08070526169980807,0.9881794515615622,0.6399306100002755,0.5396691045869131,0.5831983726236718,0.2938106537218237,0.952491730915105,0.26730764497625237,0.8613426160799709,0.6011394450029957,0.12300309146332022,0.01194638734191733,0.5095658173867708,0.5461007667601607,0.30856536583374183,0.7683319860255193,0.34667304395084375,0.9499804395319909,0.1395923040866901,0.8633764859154623,0.48458263609168917,0.2901375383105681,0.4462350802162942,0.4327804955368769,0.15516040136441767,0.10041191527958615,0.16280936632730103,0.601015319061625,0.49061217504912624,0.3210109234571702,0.0,0.623585734134986
0.47942480378715024,0.12693093635942598,0.9572048953118971,0.2132412138923857,0.2605570323578452,0.6782460883067736,0.023676198620349642,0.47626380486389386,0.2830019379594485,0.779940042923173,0.5284727204624379,0.5845800632183249,0.3677474444386948,0.6419825250504758,0.03180523920508427,0.9450829344372883,0.2884510306219745,0.30512493408768737,0.8521197017023616,0.8536496399687524,0.3426988822357614,0.6364642850938058,0.4504700214451899,0.8325353518402693,0.17621877105360573,0.21498403261966992,0.6188943947179393,0.2099166078219329,0.9662978193437433,0.5715891669499668,0.20384679110649973,0.3228193285021348,0.9273404161513802,0.8788945630977757,0.15864276793582555,0.5752333237713373,0.7265874805704752,0.5827312795422304,0.21691415688816973,0.6711569262655133,0.4020595643225079,0.01727898909719594,0.7464004930915733,0.020959899467382637,0.47461066171787136,0.41444239089287127,0.3510329214388783,0.9788077632641793,0.623585734134986,0.0

0.0,0.12478339957777085,0.6384447852865948,0.10471953093266062,0.505020930256052,0.9297132747510134,0.6843143560643612,0.8156971347762483,0.37196193315288606,0.8879829347742721,0.301038636972376,0.17493119465557916,0.7620162006913139,0.6317558628535915,0.12669311619830914,0.4828207197505371,0.18636406209217893,0.5485650101423709,0.44638632961029323,0.7104570847690552,0.3727149248472953,0.1583905393494236,0.27525713326306067,0.28077797149315764,0.45722262703548744,0.9276798123864917,0.5776626189436731,0.4433251065875524,0.9237698037637899,0.6442332606034157,0.09529916880119282,0.7368782305036118,0.478675043312185,0.5479412990369733,0.5103529274355252,0.410103558638539,0.9635853059356478,0.977140842183914,0.18269212926251255,0.753550376962406,0.8695096696991831,0.4885885513856215,0.018580968617042393,0.7732412754327208,0.6443325969379211,0.05498706296020828,0.10839381115890634,0.05030847186143983,0.10810376653860043,0.4393789915321594
0.12478339957777085,0.0,0.775747371966896,0.5529907577228483,0.625763077353668,0.3957372525457328,0.6403693382889055,0.2236792617230693,0.8447180435504064,0.6721967364132073,0.1432291723979241,0.07971960010037427,0.5949529872647803,0.8905470668368625,0.3416861235454257,0.5300914941467075,0.6160020774889923,0.9907606337592101,0.0497388635118271,0.1320084309290931,0.465215791721023,0.9492990231105988,0.6074181434288292,0.9356473580788157,0.6538231787135896,0.2293760298313673,0.8134662441371292,0.8588902924429214,0.9017531667009901,0.3954664448769466,0.21265604773267643,0.9306331018393585,0.7227099135582076,0.6660937333938389,0.22447150665195892,0.5983939701286833,0.35914040802731506,0.8095736805982083,0.6480050022930441,0.9679180283505213,0.12464331686475572,0.6423665972813599,0.41947850641693607,0.030784240577980793,0.2212202170537383,0.7729043982223605,0.531127701555544,0.31168790469902696,0.24084526340210777,0.8595936138012066
0.6384447852865948,0.775747371966896,0.0,0.3412216876245585,0.25755893345005,0.361364430393185,0.0004569906602511775,0.35247891066108583,0.26719603930266744,0.4888495360136227,0.7413532825919886,0.5610381794559826,0.10677461410466893,0.963810081986869,0.4630225927382462,0.5925982243544522,0.6915439312792767,0.7914604722564487,0.9399995024874412,0.013406272188171475,0.6408216101523591,0.11581599646499463,0.1796445140542433,0.7035437047774412,0.3655438332224794,0.4922538849740784,0.1365628431361826,0.3544453324466711,0.23166380279339205,0.6964571184610648,0.609006205691303,0.08461020319253387,0.8957867555151944,0.16472035302089816,0.5252092018213499,0.22469204447897106,0.964018328745754,0.15413686619401268,0.9897462326458191,0.43481894378971964,0.09789962668426666,0.2621391825490138,0.2635161631398615,0.8582896594188992,0.7368860599512193,0.002725848275926923,0.3736917684052956,0.5908611667014627,0.6424696096308733,0.6963378865737283
0.10471953093266062,0.5529907577228483,0.3412216876245585,0.0,0.6679362062160953,0.7720641013521851,0.6575884133000244,0.7230778397959571,0.744287064779681,0.17381043384083128,0.6090795857777702,0.3734812984817327,0.5239273265963266,0.9716607451405381,0.12612962259477978,0.655107728871803,0.965346802915921,0.35738715472736704,0.7317516556529328,0.9078206131413294,0.9002195336204452,0.36760057258307666,0.6738013965509582,0.7047914215513562,0.5203362320512778,0.19271935919422656,0.5227831175417825,0.49144980504761304,0.21620649898529964,0.286413425184051,0.13854259045308615,0.8636780796935938,0.5159929113366079,0.22152371465507903,0.2802663924982365,0.9954365682332533,0.9564259841458171,0.9468901663083484,0.5295262236808259,0.46224384532261376,0.9790786277647228,0.6905898336860079,0.6276018520093464,0.2056833536711905,0.6618630087921545,0.08701585448964733,0.8089705215145006,0.8726855547070578,0.08614257178603102,0.8480041157048535
0.505020930256052,0.625763077353668,0.25755893345005,0.6679362062160953,0.0,0.4019628663654048,0.1746491414756891,0.68432299025756,0.308918294170212,0.5377737475471261,0.432429857210463,0.07522552110026792,0.177966383006127,0.6920998721888071,0.8001968892458217,0.4649249727544511,0.9119521077408939,0.014184457304675324,0.6131256877003771,0.570565948175141,0.6312124782860135,0.14853814818120048,0.16185405041833967,0.872051923168796,0.891259662139843,0.9480861583939144,0.3700075202096016,0.8689695749586276,0.8958923681961951,0.5464201222725826,0.5536908970246228,0.1618583275476707,0.5658139524762587,0.4667900826354686,0.21689471766636914,0.24779957462904423,0.9153325120894282,0.6227011496024384,0.30570777243225766,0.8492179951367685,0.9899758102710747,0.8120913863432403,0.02170672690430886,0.4613700268465908,0.6274146202311148,0.762569796957401,0.35773661002637036,0.19675021124191483,0.8932587921907253,0.23179452760224295
0.9297132747510134,0.3957372525457328,0.361364430393185,0.7720641013521851,0.4019628663654048,0.0,0.4894804984104446,0.6312892884432147,0.4164494324855198,0.8347459029271471,0.3190281566412577,0.6258143838434015,0.6727343842617688,0.7797615185396521,0.7768241237339675,0.8444122856945843,0.4964539435012525,0.5177292213092827,0.8163214655592298,0.5776597336471272,0.7457435947202862,0.8710000381520968,0.7785136509185483,0.9736007224738366,0.46058206393849155,0.6643000988776132,0.8354034722384533,0.9485315509067257,0.6113948529545135,0.6645182918368371,0.8781211927162225,0.3447182418899343,0.26225954298254084,0.06081834704417044,0.48219308415617035,0.23008717521080213,0.888565394218935,0.01423323163737411,0.5973059648674569,0.5487715613348063,0.9749269607067746,0.8421094699337967,0.40358232222178514,0.13341809496093693,0.875874406571002,0.6173140300484022,0.19033857965952283,0.10347275187735483,0.060241209133810036,0.39489227324835097
0.6843143560643612,0.6403693382889055,0.0004569906602511775,0.6575884133000244,0.1746491414756891,0.4894804984104446,0.0,0.5035137704597905,0.5450893091503699,0.7693490565603602,0.6297594118991132,0.4561737202077286,0.4813494062353608,0.4679388034015859,0.5265183970947424,0.8509896250629113,0.20401997563618068,0.8080354413031274,0.08380949047138997,0.6233248148366342,0.3777935160195617,0.8751046719197693,0.6062844654423037,0.508553999988176,0.5802819368408013,0.8722007334604673,0.10932227265677419,0.9427326655952811,0.8445681938204778,0.9170665957827664,0.04064753438514612,0.4413208212353875,0.48962889883310245,0.07056057216458633,0.2786921094295307,0.7931151505929892,0.8977048171169845,0.5821580192852955,0.014985038449017551,0.6268056911811565,0.1768996463607716,0.029407481462951135,0.2762796424527253,0.9631116915841372,0.28119673046324656,0.9503884130686144,0.5948808330706873,0.9211594794473437,0.02868929720838398,0.6357571885186761
0.8156971347762483,0.2236792617230693,0.35247891066108583,0.7230778397959571,0.68432299025756,0.6312892884432147,0.5035137704597905,0.0,0.692539270902306,0.5775829079193054,0.09115250021909194,0.5486549791874816,0.008897450192728362,0.9476350000653139,0.9908331138245552,0.8495393954104669,0.848502850266688,0.2600986883316373,0.6210855251360122,0.24045200755224871,0.9114854998438428,0.9907979113834291,0.8179380847446759,0.0841968653018168,0.674946256394048,0.4143461852060685,0.9168638825411255,0.4862134130600596,0.8296543060240268,0.8952420962690194,0.1150109751801155,0.08562482836591645,0.15803266863135534,0.5154706862571364,0.16728451675385925,0.6758823470232679,0.4407041000244266,0.04447102151765214,0.6052332578777351,0.6315772477239702,0.5039277337169973,0.4834818375379334,0.8380312181473201,0.7068518274610787,0.23650637559442655,0.7776215009199211,0.6837259434698527,0.4331651129186751,0.09697730162962992,0.18753046732452294
0.37196193315288606,0.8447180435504064,0.26719603930266744,0.744287064779681,0.308918294170212,0.4164494324855198,0.5450893091503699,0.692539270902306,0.0,0.5593655647137282,0.16123561137690579,0.38988207902372574,0.1323664307043102,0.606812530838419,0.3111328681462948,0.6121446993836367,0.8099708908108889,0.016077221025501687,0.4288867692898325,0.2417108902905415,0.46446758074556616,0.7492093435925917,0.8286200993069531,0.6715145651831104,0.9162695567761557,0.11961283596932204,0.3973299057180518,0.6967063469801442,0.5569687253926232,0.7362245746041104,0.5875274146047597,0.6930054119900602,0.8272471161521736,0.7034496791897994,0.520723502074193,0.5634794542376118,0.6909793566651214,0.8875656911930263,0.40014131406369347,0.43332900175569555,0.3877857757136457,0.6528416192369564,0.18060875864692305,0.847580869263126,0.984845936486951,0.008903918419463142,0.9148195217672092,0.8937915090906436,0.9946565852012981,0.2791268983693669
0.8879829347742721,0.6721967364132073,0.4888495360136227,0.17381043384083128,0.5377737475471261,0.8347459029271471,0.7693490565603602,0.5775829079193054,0.5593655647137282,0.0,0.09469193162846157,0.43751430355328425,0.3250135892313575,0.7409420993647674,0.7786589932604082,0.11138943275356616,0.3216853506968447,0.44604827215121046,0.9313212532591558,0.7065408600344887,0.16650815165744315,0.1915144313945898,0.7056320243361068,0.3656234854865512,0.743121003630294,0.05457949431304121,0.3085175902292838,0.9907840916398974,0.012884444087057245,0.4135645261041362,0.9901491746714327,0.45021556429559495,0.10305446024659481,0.4810496584075845,0.26411554164992035,0.0660813109094831,0.7451622623031923,0.7340927146555934,0.2750701796221101,0.41578243294292416,0.978472921890528,0.9459990581204756,0.5572275872996062,0.2149450281841626,0.4675144726590672,0.9834443284099009,0.961845973730532,0.4904231785561286,0.5483913429130876,0.1445898926856387
0.301038636972376,0.1432291723979241,0.7413532825919886,0.6090795857777702,0.432429857210463,0.3190281566412577,0.6297594118991132,0.09115250021909194,0.16123561137690579,0.09469193162846157,0.0,0.3903093386180506,0.5288938231594912,0.902884082129228,0.4151893794331538,0.6097022496229898,0.6262750618033638,0.10089841568109792,0.20644089474649552,0.9708490050600161,0.9464424288662828,0.3426213178353148,0.0976139400115944,0.8021270930288775,0.04801093304909454,0.4538340096136748,0.5877476049644609,0.5918296004562211,0.11670942909083548,0.6458504551223916,0.058984948818866734,0.7694169442182647,0.6306572981819312,0.279439175006135,0.1781219149180343,0.3377816490579266,0.9031091822261595,0.6818044485586358,0.6480162077932402,0.24540138810077938,0.013633670386926755,0.6384517437467251,0.4517344869946113,0.4186510337925735,0.8369489139783668,0.6886518958637037,0.9876042193471367,0.4602741496133669,0.43428096218957724,0.6031889941661162
0.17493119465557916,0.07971960010037427,0.5610381794559826,0.3734812984817327,0.07522552110026792,0.6258143838434015,0.4561737202077286,0.5486549791874816,0.38988207902372574,0.43751430355328425,0.3903093386180506,0.0,0.7235658661202401,0.4877763381284125,0.09485967398105744,0.44701398336066156,0.2516760305528567,0.9185036380822014,0.8793559496331408,0.2866280292614122,0.3613357456290833,0.5036304836278559,0.6364539867505451,0.12862923898964462,0.9318612974782488,0.6799779554404874,0.07186365273806317,0.0410154981283104,0.6163106013812194,0.8133558642354197,0.9386960795275499,0.9411763403013838,0.19360389669461409,0.34293891254690534,0.5856897062687597,0.22981773560452834,0.9774840574264216,0.7752386870629023,0.8482313639876625,0.9541675290889959,0.34049228199767845,0.15504600043529404,0.12304325996196619,0.1446540872817602,0.7976878016485555,0.2661351510065685,0.8257228691248844,0.925171208104701,0.9963155299697223,0.8009068557866693
0.7620162006913139,0.5949529872647803,0.10677461410466893,0.5239273265963266,0.177966383006127,0.6727343842617688,0.4813494062353608,0.008897450192728362,0.1323664307043102,0.3250135892313575,0.5288938231594912,0.7235658661202401,0.0,0.06315115421895945,0.776284286836042,0.9948346421260157,0.9191043398741293,0.558636004189069,0.0774559823871892,0.3459024193122231,0.05489861144833508,0.7594108449697222,0.10530139041691222,0.6655238970022218,0.9733504355546562,0.9780619651367768,0.9153650172426564,0.0030388231936347987,0.37409346215796235,0.10157588022689534,0.9590602031420533,0.8508519558613636,0.3602834782476697,0.5501911636404636,0.5600425349059293,0.0441617680793861,0.056427420516324656,0.42152211069311274,0.8568394059567797,0.1451021170802086,0.3314027425547358,0.21433484773403622,0.45952072623326645,0.00711296787536253,0.6173286262045138,0.4625784503244783,0.11042091126858944,0.6830946119934331,0.0714712443330463,0.39723008673754023
0.6317558628535915,0.8905470668368625,0.963810081986869,0.9716607451405381,0.6920998721888071,0.7797615185396521,0.4679388034015859,0.9476350000653139,0.606812530838419,0.7409420993647674,0.902884082129228,0.4877763381284125,0.06315115421895945,0.0,0.10611388043749015,0.18962821745392067,0.5986193547652148,0.13514139226210353,0.15647893918538447,0.1508913341424869,0.778749251936272,0.41369959755157204,0.34691416508898354,0.5508386982209159,0.17669706146274966,0.6300614607354972,0.6003637969919408,0.5372633018203771,0.5205514305592913,0.06516809637661436,0.6454535789034979,0.6438244383429553,0.43957266978452203,0.08902848661891882,0.24489894821042069,0.4153012291476561,0.4552863696006675,0.7435737813069236,0.7367087216827174,0.004378078389204454,0.8312813930220678,0.020256664156274362,0.9923709729077751,0.22719211818700324,0.08355589602178093,0.3410304994270992,0.6330437695447093,0.4957274662153477,0.6796929368888386,0.5374057779649194
0.12669311619830914,0.3416861235454257,0.4630225927382462,0.12612962259477978,0.8001968892458217,0.7768241237339675,0.5265183970947424,0.9908331138245552,0.3111328681462948,0.7786589932604082,0.4151893794331538,0.09485967398105744,0.776284286836042,0.10611388043749015,0.0,0.9534773407079877,0.9495930286099891,0.048250392702017586,0.6925712506960219,0.16757717570407693,0.9044128694141674,0.5753166354360624,0.8078496416868827,0.25009146537403404,0.22731718892035124,0.6130661850165287,0.435453505579671,0.3485118858204833,0.0741451798977586,0.8820844479912961,0.7318053724366256,0.8186273431143846,0.35304784304894665,0.14270498932393805,0.03141573841161538,0.04456937388300708,0.6008150391467723,0.4731594260852947,0.6528127184165111,0.6191412489139431,0.7850362648735221,0.9804476157510049,0.10724980887809621,0.4455284351897729,0.6046231337121684,0.6255820265584325,0.5045329806426376,0.9142080107081829,0.7533388446260117,0.6950594643813706
0.4828207197505371,0.5300914941467075,0.5925982243544522,0.655107728871803,0.4649249727544511,0.8444122856945843,0.8509896250629113,0.8495393954104669,0.6121446993836367,0.11138943275356616,0.6097022496229898,0.44701398336066156,0.9948346421260157,0.18962821745392067,0.9534773407079877,0.0,0.147225348195127,0.540428175671519,0.5495790513268636,0.6632364186621674,0.3367011120748854,0.9955602453923755,0.811394601513147,0.14752618266892759,0.38726166176594856,0.10176975259858956,0.0578952464953969,0.14014473650431647,0.5178359678596283,0.4317786304297393,0.5326705078177932,0.37756431779055133,0.18557245707434333,0.7314532391598075,0.654423206581581,0.8049912349076405,0.368365760241014,0.7576022623034463,0.919759210663179,0.802851566488391,0.17175473240393557,0.03670727895484571,0.308271266436276,0.3482094658046847,0.07083439785590495,0.5412739051883637,0.09170721190947195,0.1534400223246084,0.7484572382856526,0.8452175495399826
0.18636406209217893,0.6160020774889923,0.6915439312792767,0.965346802915921,0.9119521077408939,0.4964539435012525,0.20401997563618068,0.848502850266688,0.8099708908108889,0.3216853506968447,0.6262750618033638,0.2516760305528567,0.9191043398741293,0.5986193547652148,0.9495930286099891,0.147225348195127,0.0,0.482005859516218,0.16889471055318916,0.2102642928973788,0.4422510598204008,0.14344050200573588,0.42396305086914343,0.15085072780581998,0.9623178713613216,0.03408240152853259,0.724994101040331,0.03832630059420272,0.9992885865844299,0.46371845906817255,0.8249174118757154,0.6500021341946111,0.9436021019818094,0.0929493982739068,0.44550464616165375,0.72911971305662,0.6003096097098775,0.1389027150312767,0.9239127020677548,0.2836437909063352,0.27359499402082643,0.003982353677227546,0.8310591246900534,0.6259841760718777,0.716714117700511,0.8545332330285275,0.39765629025197036,0.280628142154681,0.08837361077998507,0.9233697327175009
0.5485650101423709,0.9907606337592101,0.7914604722564487,0.35738715472736704,0.014184457304675324,0.5177292213092827,0.8080354413031274,0.2600986883316373,0.016077221025501687,0.44604827215121046,0.10089841568109792,0.9185036380822014,0.558636004189069,0.13514139226210353,0.048250392702017586,0.540428175671519,0.482005859516218,0.0,0.35993619677323585,0.914049697352699,0.7004538345984119,0.16820929525029937,0.7565675467335986,0.22488211605360864,0.12545568760839254,0.32772492755328675,0.5041478002341376,0.24547565345800504,0.9094796182389042,0.7793750518440755,0.2944037602324816,0.203961328920783,0.8768708886008859,0.9366519586719388,0.7442794297034536,0.6602486146097815,0.12518793812773354,0.22133776822830886,0.697685283482605,0.9081773829180199,0.7635589799043545,0.9773049268235642,0.04776175450631781,0.11029843801255779,0.034358209739321244,0.25737734356264896,0.7976522985781996,0.004741150192894228,0.9973767193437769,0.3259765249319254
0.44638632961029323,0.0497388635118271,0.9399995024874412,0.7317516556529328,0.6131256877003771,0.8163214655592298,0.08380949047138997,0.6210855251360122,0.4288867692898325,0.9313212532591558,0.20644089474649552,0.8793559496331408,0.0774559823871892,0.15647893918538447,0.6925712506960219,0.5495790513268636,0.16889471055318916,0.35993619677323585,0.0,0.5541345468846506,0.6024542199066567,0.5458798743695717,0.7845777707418533,0.4937079830074578,0.09516272738231957,0.9366687577306002,0.41511184693335323,0.36464126037008604,0.8183871441779224,0.2557871294783246,0.543451962997631,0.7883904994558499,0.019517463801855484,0.470352947479735,0.10584314596383859,0.8589903467916221,0.46935952180423457,0.9328178351603784,0.8176917912239857,0.9394434261535226,0.2825960587777149,0.049470107057424384,0.26229205787145604,0.5001853091721129,0.21455533247630798,0.2574588569867986,0.32726803587869835,0.5016375805306393,0.8012123952432456,0.3049638666869744
0.7104570847690552,0.1320084309290931,0.013406272188171475,0.9078206131413294,0.570565948175141,0.5776597336471272,0.6233248148366342,0.24045200755224871,0.2417108902905415,0.7065408600344887,0.9708490050600161,0.2866280292614122,0.3459024193122231,0.1508913341424869,0.16757717570407693,0.6632364186621674,0.2102642928973788,0.914049697352699,0.5541345468846506,0.0,0.6831135343563188,0.20173716790132146,0.15942942470485932,0.490104247187511,0.580876025432352,0.9650190996230654,0.825183619726692,0.43273786650563784,0.36455882150228625,0.581530283188253,0.5310675817595726,0.3145836262678757,0.018890152510353864,0.17050524603639838,0.8607881474554548,0.7681331535967687,0.9678053312435286,0.8140912793689112,0.4165173783339913,0.585962581090665,0.8285229008239682,0.030751924274618037,0.07042299672069974,0.7131560230574189,0.7715730891488114,0.21786122392056895,0.40905100258621585,0.7634147210567435,0.4963187463723714,0.863419635681103
0.3727149248472953,0.465215791721023,0.6408216101523591,0.9002195336204452,0.6312124782860135,0.7457435947202862,0.3777935160195617,0.9114854998438428,0.46446758074556616,0.16650815165744315,0.9464424288662828,0.3613357456290833,0.05489861144833508,0.778749251936272,0.9044128694141674,0.3367011120748854,0.4422510598204008,0.7004538345984119,0.6024542199066567,0.6831135343563188,0.0,0.4479772151138115,0.701147602650797,0.23702488226659557,0.5176959043186454,0.23393280657149684,0.5334053819822752,0.33491804010704185,0.6953214923350901,0.8134207191612033,0.6875695321152286,0.05532791206056642,0.5024484190501305,0.9523255878731631,0.7919364045847705,0.4258211060001573,0.3628106003085513,0.6399877119032726,0.29458691662064873,0.9528638765399435,0.04916784215617198,0.1309435312117122,0.19430358762328004,0.6914367455332786,0.8516419552500936,0.3985144279529318,0.07918037381873588,0.4374231375162264,0.5841349264259725,0.40681436881890065
0.1583905393494236,0.9492990231105988,0.11581599646499463,0.36760057258307666,0.14853814818120048,0.8710000381520968,0.8751046719197693,0.9907979113834291,0.7492093435925917,0.1915144313945898,0.3426213178353148,0.5036304836278559,0.7594108449697222,0.41369959755157204,0.5753166354360624,0.9955602453923755,0.14344050200573588,0.16820929525029937,0.5458798743695717,0.20173716790132146,0.4479772151138115,0.0,0.22517955404762524,0.9814160970468118,0.8052123693578508,0.11092845692582587,0.37495257174353447,0.13800215745896993,0.25742343399765033,0.9642043791870322,0.8490369088656158,0.4240539453950791,0.5294469132109987,0.7207164567646068,0.09043508211739026,0.009573298422928422,0.7645244815715639,0.0791307367219819,0.5949386380953866,0.3523314139100161,0.9463005493692548,0.4737947008768819,0.3020163487963903,0.8239740552420439,0.715859802059161,0.8272902517421312,0.24836876185968326,0.06131269801968331,0.2000401984111242,0.7812253964380163
0.27525713326306067,0.6074181434288292,0.1796445140542433,0.6738013965509582,0.16185405041833967,0.7785136509185483,0.6062844654423037,0.8179380847446759,0.8286200993069531,0.7056320243361068,0.0976139400115944,0.6364539867505451,0.10530139041691222,0.34691416508898354,0.8078496416868827,0.811394601513147,0.42396305086914343,0.7565675467335986,0.7845777707418533,0.15942942470485932,0.701147602650797,0.22517955404762524,0.0,0.667280300331871,0.1381366201259724,0.729310874698445,0.3450297612982769,0.08373488983372801,0.5483918080412167,0.17085052769355835,0.035702428673415554,0.7248928977965762,0.8953789304541855,0.8056159513124989,0.38714731004978276,0.7704074097506776,0.5314990353835666,0.559717071264143,0.4546255758165949,0.5847247363856845,0.27875988950764785,0.5729821878898936,0.2373995513920254,0.4478225625143326,0.889630157512013,0.6403928789527666,0.26412244003641594,0.8036419859527792,0.8919129426305337,0.9667126989866355
0.28077797149315764,0.9356473580788157,0.7035437047774412,0.7047914215513562,0.872051923168796,0.9736007224738366,0.508553999988176,0.0841968653018168,0.6715145651831104,0.3656234854865512,0.8021270930288775,0.12862923898964462,0.6655238970022218,0.5508386982209159,0.25009146537403404,0.14752618266892759,0.15085072780581998,0.22488211605360864,0.4937079830074578,0.490104247187511,0.23702488226659557,0.9814160970468118,0.667280300331871,0.0,0.04981778737029763,0.9229385979161362,0.4892609787559673,0.5703796371201332,0.7858424811450575,0.39980414216323223,0.17353231690168802,0.2868341221783566,0.5398697600121729,0.62355295150233,0.33582080121972957,0.13627758085727804,0.9408589116934,0.8494878277022858,0.8569624806954254,0.5320519067316843,0.44676665511449754,0.053339752556292086,0.04897749959778941,0.7107943020113737,0.36327885446950003,0.4409966280235549,0.9660562285659078,0.31279719917578364,0.8863981696982394,0.9944073384761647
0.45722262703548744,0.6538231787135896,0.3655438332224794,0.5203362320512778,0.891259662139843,0.46058206393849155,0.5802819368408013,0.674946256394048,0.9162695567761557,0.743121003630294,0.04801093304909454,0.9318612974782488,0.9733504355546562,0.17669706146274966,0.22731718892035124,0.38726166176594856,0.9623178713613216,0.12545568760839254,0.09516272738231957,0.580876025432352,0.5176959043186454,0.8052123693578508,0.1381366201259724,0.04981778737029763,0.0,0.14998128636614538,0.007486424580755102,0.5502731252750548,0.15985683666726358,0.7780311410838864,0.641020013078322,0.5228273553323074,0.005629777768835109,0.7463125668714672,0.9027244905904004,0.3992387167165369,0.7414083448311208,0.802823378191771,0.4979185482955627,0.2478490502958962,0.2532635188428539,0.6105365949991252,0.7239178541147677,0.575595389068493,0.4389545296047689,0.07234041080840059,0.21122764095933066,0.17456232098731583,0.7771339948804296,0.6518568180831287
0.9276798123864917,0.2293760298313673,0.4922538849740784,0.19271935919422656,0.9480861583939144,0.6643000988776132,0.8722007334604673,0.4143461852060685,0.11961283596932204,0.05457949431304121,0.4538340096136748,0.6799779554404874,0.9780619651367768,0.6300614607354972,0.6130661850165287,0.10176975259858956,0.03408240152853259,0.32772492755328675,0.9366687577306002,0.9650190996230654,0.23393280657149684,0.11092845692582587,0.729310874698445,0.9229385979161362,0.14998128636614538,0.0,0.6034864576012747,0.0294579532266408,0.21210619648215467,0.2971885949882641,0.634349100353502,0.7944916697585281,0.7935725692769674,0.5240876630125978,0.5995759902300304,0.4204871967952444,0.40696175765314024,0.5190769875941966,0.6327621471472504,0.8829423208925447,0.5931702624289653,0.41696989660820516,0.1542621460599014,0.6865647505104298,0.4738173733526567,0.028858360594559818,0.14722033923604605,0.8527492546540585,0.9497771936882297,0.30995757342535835
0.5776626189436731,0.8134662441371292,0.1365628431361826,0.5227831175417825,0.3700075202096016,0.8354034722384533,0.10932227265677419,0.9168638825411255,0.3973299057180518,0.3085175902292838,0.5877476049644609,0.07186365273806317,0.9153650172426564,0.6003637969919408,0.435453505579671,0.0578952464953969,0.724994101040331,0.5041478002341376,0.41511184693335323,0.825183619726692,0.5334053819822752,0.37495257174353447,0.3450297612982769,0.4892609787559673,0.007486424580755102,0.6034864576012747,0.0,0.737193333701544,0.3761062060303416,0.930344652793141,0.8030737398234523,0.15871317960359632,0.026078001709359366,0.08681770448048698,0.28278672536557103,0.12980663368081158,0.3254740483085248,0.7164657108331235,0.860068802347323,0.05587441953327621,0.6086979332368266,0.6677988924267882,0.5469634711513385,0.0724061982219345,0.6334207820065771,0.834655587216101,0.5856209556610374,0.453654415538181,0.6798558557271732,0.2644737999922656
0.4433251065875524,0.8588902924429214,0.3544453324466711,0.49144980504761304,0.8689695749586276,0.9485315509067257,0.9427326655952811,0.4862134130600596,0.6967063469801442,0.9907840916398974,0.5918296004562211,0.0410154981283104,0.0030388231936347987,0.5372633018203771,0.3485118858204833,0.14014473650431647,0.03832630059420272,0.24547565345800504,0.36464126037008604,0.43273786650563784,0.33491804010704185,0.13800215745896993,0.08373488983372801,0.5703796371201332,0.5502731252750548,0.0294579532266408,0.737193333701544,0.0,0.9380146479560266,0.9679591106318318,0.6691458683835734,0.35705543684208463,0.6916203419717254,0.32282583554499944,0.699783133285549,0.08697927164484875,0.24472120040195722,0.7724240055178156,0.7173145324792747,0.538667339769091,0.7800544988437926,0.30854935558449714,0.9865394606218356,0.562091476891428,0.035304531753236446,0.5305546129644406,0.3452239820609797,0.46994625638769716,0.47002195926105894,0.5218168457155802
0.9237698037637899,0.9017531667009901,0.23166380279339205,0.21620649898529964,0.8958923681961951,0.6113948529545135,0.8445681938204778,0.8296543060240268,0.5569687253926232,0.012884444087057245,0.11670942909083548,0.6163106013812194,0.37409346215796235,0.5205514305592913,0.0741451798977586,0.5178359678596283,0.9992885865844299,0.9094796182389042,0.8183871441779224,0.36455882150228625,0.6953214923350901,0.25742343399765033,0.5483918080412167,0.7858424811450575,0.15985683666726358,0.21210619648215467,0.3761062060303416,0.9380146479560266,0.0,0.10077888412087099,0.2927488373572147,0.04673687654945102,0.08759024509409641,0.4775672691705135,0.26475790724629333,0.08423920483682656,0.7941332607125197,0.08179597165656571,0.8130062964997924,0.7994769418776053,0.929615273472658,0.9847273871332296,0.5325852028832996,0.5363112912395169,0.2151121611135961,0.8173543307604303,0.6680991442131752,0.7783722179239255,0.2870845355193443,0.16457889678245374
0.6442332606034157,0.3954664448769466,0.6964571184610648,0.286413425184051,0.5464201222725826,0.6645182918368371,0.9170665957827664,0.8952420962690194,0.7362245746041104,0.4135645261041362,0.6458504551223916,0.8133558642354197,0.10157588022689534,0.06516809637661436,0.8820844479912961,0.4317786304297393,0.46371845906817255,0.7793750518440755,0.2557871294783246,0.581530283188253,0.8134207191612033,0.9642043791870322,0.17085052769355835,0.39980414216323223,0.7780311410838864,0.2971885949882641,0.930344652793141,0.9679591106318318,0.10077888412087099,0.0,0.0724581254703276,0.058861231969359995,0.5978497817977723,0.5956730935230116,0.20666236346786393,0.2103017809780907,0.013570642168224345,0.5002055726097607,0.21607000147900313,0.8923606613098096,0.5044009858794729,0.695784521273127,0.2417849419067043,0.5265512049861527,0.9045941896297399,0.6219979646495736,0.8913379385189648,0.10559409093153704,0.786352482343913,0.7453248794568536
0.09529916880119282,0.21265604773267643,0.609006205691303,0.13854259045308615,0.5536908970246228,0.8781211927162225,0.04064753438514612,0.1150109751801155,0.5875274146047597,0.9901491746714327,0.058984948818866734,0.9386960795275499,0.9590602031420533,0.6454535789034979,0.7318053724366256,0.5326705078177932,0.8249174118757154,0.2944037602324816,0.543451962997631,0.5310675817595726,0.6875695321152286,0.8490369088656158,0.035702428673415554,0.17353231690168802,0.641020013078322,0.634349100353502,0.8030737398234523,0.6691458683835734,0.2927488373572147,0.0724581254703276,0.0,0.24758991517180973,0.6272685865831631,0.0009366680488690493,0.8419429907478855,0.9409019797366331,0.4959048456775943,0.013682295986588433,0.3998370595311346,0.6653478192382524,0.6072967223030341,0.7439082532539817,0.6584110374850851,0.18653012010554615,0.14947561424412859,0.7778509203693288,0.25344523256077733,0.3297705770514222,0.6091946367449389,0.22813839808448944
0.7368782305036118,0.9306331018393585,0.08461020319253387,0.8636780796935938,0.1618583275476707,0.3447182418899343,0.4413208212353875,0.08562482836591645,0.6930054119900602,0.45021556429559495,0.7694169442182647,0.9411763403013838,0.8508519558613636,0.6438244383429553,0.8186273431143846,0.37756431779055133,0.6500021341946111,0.203961328920783,0.7883904994558499,0.3145836262678757,0.05532791206056642,0.4240539453950791,0.7248928977965762,0.2868341221783566,0.5228273553323074,0.7944916697585281,0.15871317960359632,0.35705543684208463,0.04673687654945102,0.058861231969359995,0.24758991517180973,0.0,0.6118632344500813,0.4710383092931789,0.45564835642410606,0.9124256606908825,0.8367872796862911,0.5398859301075727,0.1670776815545455,0.2712754184945062,0.5240808572496122,0.9530876915944853,0.6123150472709741,0.5225676099027728,0.034597716274232915,0.721688142835898,0.8707431041549618,0.20677247983923575,0.4303565167333949,0.7807234564503719
0.478675043312185,0.7227099135582076,0.8957867555151944,0.5159929113366079,0.5658139524762587,0.26225954298254084,0.48962889883310245,0.15803266863135534,0.8272471161521736,0.10305446024659481,0.6306572981819312,0.19360389669461409,0.3602834782476697,0.43957266978452203,0.35304784304894665,0.18557245707434333,0.9436021019818094,0.8768708886008859,0.019517463801855484,0.018890152510353864,0.5024484190501305,0.5294469132109987,0.8953789304541855,0.5398697600121729,0.005629777768835109,0.7935725692769674,0.026078001709359366,0.6916203419717254,0.08759024509409641,0.5978497817977723,0.6272685865831631,0.6118632344500813,0.0,0.2261899246681468,0.6775675643775577,0.6290809397356674,0.06259486284139038,0.8201133774530989,0.08154060315461087,0.5876328252722316,0.429769382017129,0.08644214044813614,0.9422492774194314,0.004297449787562191,0.3300406969453279,0.5889366238566369,0.09118172864788365,0.756507126104198,0.9576094368981993,0.9937345414307907
0.5479412990369733,0.6660937333938389,0.16472035302089816,0.22152371465507903,0.4667900826354686,0.06081834704417044,0.07056057216458633,0.5154706862571364,0.7034496791897994,0.4810496584075845,0.279439175006135,0.34293891254690534,0.5501911636404636,0.08902848661891882,0.14270498932393805,0.7314532391598075,0.0929493982739068,0.9366519586719388,0.470352947479735,0.17050524603639838,0.9523255878731631,0.7207164567646068,0.8056159513124989,0.62355295150233,0.7463125668714672,0.5240876630125978,0.08681770448048698,0.32282583554499944,0.4775672691705135,0.5956730935230116,0.0009366680488690493,0.4710383092931789,0.2261899246681468,0.0,0.7714433058087364,0.8633439742188902,0.035011896974182055,0.2584135543719428,0.7265490485950515,0.6596936894842917,0.8591429062675267,0.7430899772802558,0.6651223183906531,0.01685628805309558,0.9999896127015083,0.8504082713192679,0.49433652296795405,0.1669748677936278,0.0894587607033922,0.9844794917795554
0.5103529274355252,0.22447150665195892,0.5252092018213499,0.2802663924982365,0.21689471766636914,0.48219308415617035,0.2786921094295307,0.16728451675385925,0.520723502074193,0.26411554164992035,0.1781219149180343,0.5856897062687597,0.5600425349059293,0.24489894821042069,0.03141573841161538,0.654423206581581,0.44550464616165375,0.7442794297034536,0.10584314596383859,0.8607881474554548,0.7919364045847705,0.09043508211739026,0.38714731004978276,0.33582080121972957,0.9027244905904004,0.5995759902300304,0.28278672536557103,0.699783133285549,0.26475790724629333,0.20666236346786393,0.8419429907478855,0.45564835642410606,0.6775675643775577,0.7714433058087364,0.0,0.42658388653223667,0.9185458555877813,0.48953485401178876,0.6475778862013364,0.4968754417845145,0.15854975639763558,0.05085593748943362,0.5736119253379803,0.8834908320533621,0.6538781457259725,0.7906565227019124,0.5398018081798859,0.8925938040551309,0.23435601564184727,0.49794175117742356
0.410103558638539,0.5983939701286833,0.22469204447897106,0.9954365682332533,0.24779957462904423,0.23008717521080213,0.7931151505929892,0.6758823470232679,0.5634794542376118,0.0660813109094831,0.3377816490579266,0.22981773560452834,0.0441617680793861,0.4153012291476561,0.04456937388300708,0.8049912349076405,0.72911971305662,0.6602486146097815,0.8589903467916221,0.7681331535967687,0.4258211060001573,0.009573298422928422,0.7704074097506776,0.13627758085727804,0.3992387167165369,0.4204871967952444,0.12980663368081158,0.08697927164484875,0.08423920483682656,0.2103017809780907,0.9409019797366331,0.9124256606908825,0.6290809397356674,0.8633439742188902,0.42658388653223667,0.0,0.6944250498902863,0.7821502765387741,0.4876711188600379,0.46486923758886955,0.16309178462480012,0.7448156525731844,0.7688232251257745,0.6517236019517308,0.4940162723884868,0.7390255699901683,0.8219416953303317,0.987415479881554,0.43891277191595457,0.29204624544215996
0.9635853059356478,0.35914040802731506,0.964018328745754,0.9564259841458171,0.9153325120894282,0.888565394218935,0.8977048171169845,0.4407041000244266,0.6909793566651214,0.7451622623031923,0.9031091822261595,0.9774840574264216,0.056427420516324656,0.4552863696006675,0.6008150391467723,0.368365760241014,0.6003096097098775,0.12518793812773354,0.46935952180423457,0.9678053312435286,0.3628106003085513,0.7645244815715639,0.5314990353835666,0.9408589116934,0.7414083448311208,0.40696175765314024,0.3254740483085248,0.24472120040195722,0.7941332607125197,0.013570642168224345,0.4959048456775943,0.8367872796862911,0.06259486284139038,0.035011896974182055,0.9185458555877813,0.6944250498902863,0.0,0.053668133274814345,0.06974162633170256,0.9959777378606004,0.6976511565785922,0.3209991467293515,0.37025406691211105,0.4668741226777866,0.29858655695351866,0.5035799359975083,0.8626300233701599,0.7947871239280602,0.932835482566574,0.8061841967436781
0.977140842183914,0.8095736805982083,0.15413686619401268,0.9468901663083484,0.6227011496024384,0.01423323163737411,0.5821580192852955,0.04447102151765214,0.8875656911930263,0.7340927146555934,0.6818044485586358,0.7752386870629023,0.42152211069311274,0.7435737813069236,0.4731594260852947,0.7576022623034463,0.1389027150312767,0.22133776822830886,0.9328178351603784,0.8140912793689112,0.6399877119032726,0.0791307367219819,0.559717071264143,0.8494878277022858,0.802823378191771,0.5190769875941966,0.7164657108331235,0.7724240055178156,0.08179597165656571,0.5002055726097607,0.013682295986588433,0.5398859301075727,0.8201133774530989,0.2584135543719428,0.48953485401178876,0.7821502765387741,0.053668133274814345,0.0,0.9732640094700294,0.07228154160025047,0.6860316878377385,0.34032654425606756,0.2205686401387421,0.30209493559494194,0.8520432122658798,0.5976287605047288,0.41817003952426945,0.6696728546126608,0.5083898220293812,0.6418385117340191
0.18269212926251255,0.6480050022930441,0.9897462326458191,0.5295262236808259,0.30570777243225766,0.5973059648674569,0.014985038449017551,0.6052332578777351,0.40014131406369347,0.2750701796221101,0.6480162077932402,0.8482313639876625,0.8568394059567797,0.7367087216827174,0.6528127184165111,0.919759210663179,0.9239127020677548,0.697685283482605,0.8176917912239857,0.4165173783339913,0.29458691662064873,0.5949386380953866,0.4546255758165949,0.8569624806954254,0.4979185482955627,0.6327621471472504,0.860068802347323,0.7173145324792747,0.8130062964997924,0.21607000147900313,0.3998370595311346,0.1670776815545455,0.08154060315461087,0.7265490485950515,0.6475778862013364,0.4876711188600379,0.06974162633170256,0.9732640094700294,0.0,0.7996839129346365,0.32236508533896524,0.6652685969006403,0.0049414377901275675,0.7798454605430735,0.45096484791811553,0.6978693485957104,0.13229506806797364,0.1843356880110586,0.9870583290514825,0.5073408585773682
0.753550376962406,0.9679180283505213,0.43481894378971964,0.46224384532261376,0.8492179951367685,0.5487715613348063,0.6268056911811565,0.6315772477239702,0.43332900175569555,0.41578243294292416,0.24540138810077938,0.9541675290889959,0.1451021170802086,0.004378078389204454,0.6191412489139431,0.802851566488391,0.2836437909063352,0.9081773829180199,0.9394434261535226,0.585962581090665,0.9528638765399435,0.3523314139100161,0.5847247363856845,0.5320519067316843,0.2478490502958962,0.8829423208925447,0.05587441953327621,0.538667339769091,0.7994769418776053,0.8923606613098096,0.6653478192382524,0.2712754184945062,0.5876328252722316,0.6596936894842917,0.4968754417845145,0.46486923758886955,0.9959777378606004,0.07228154160025047,0.7996839129346365,0.0,0.0013692583498551292,0.8614803126955259,0.7683825580918829,0.22681832242737898,0.1826611574951157,0.6765600182977847,0.14371899905593988,0.9607604962300612,0.5803598319040149,0.5276433112767047
0.8695096696991831,0.12464331686475572,0.09789962668426666,0.9790786277647228,0.9899758102710747,0.9749269607067746,0.1768996463607716,0.5039277337169973,0.3877857757136457,0.978472921890528,0.013633670386926755,0.34049228199767845,0.3314027425547358,0.8312813930220678,0.7850362648735221,0.17175473240393557,0.27359499402082643,0.7635589799043545,0.2825960587777149,0.8285229008239682,0.04916784215617198,0.9463005493692548,0.27875988950764785,0.44676665511449754,0.2532635188428539,0.5931702624289653,0.6086979332368266,0.7800544988437926,0.929615273472658,0.5044009858794729,0.6072967223030341,0.5240808572496122,0.429769382017129,0.8591429062675267,0.15854975639763558,0.16309178462480012,0.6976511565785922,0.6860316878377385,0.32236508533896524,0.0013692583498551292,0.0,0.6826537050174795,0.8732761311007765,0.5867702796150105,0.40954027119148884,0.016595682316113525,0.4369190290633428,0.0557699979464894,0.49851865089016534,0.09368612377771235
0.4885885513856215,0.6423665972813599,0.2621391825490138,0.6905898336860079,0.8120913863432403,0.8421094699337967,0.029407481462951135,0.4834818375379334,0.6528416192369564,0.9459990581204756,0.6384517437467251,0.15504600043529404,0.21433484773403622,0.020256664156274362,0.9804476157510049,0.03670727895484571,0.003982353677227546,0.9773049268235642,0.049470107057424384,0.030751924274618037,0.1309435312117122,0.4737947008768819,0.5729821878898936,0.053339752556292086,0.6105365949991252,0.41696989660820516,0.6677988924267882,0.30854935558449714,0.9847273871332296,0.695784521273127,0.7439082532539817,0.9530876915944853,0.08644214044813614,0.7430899772802558,0.05085593748943362,0.7448156525731844,0.3209991467293515,0.34032654425606756,0.6652685969006403,0.8614803126955259,0.6826537050174795,0.0,0.00572333263017466,0.638711488245174,0.07214080111358656,0.2624912843920927,0.7644520692126702,0.32874026456535,0.48533205121113365,0.9983350630551275
0.018580968617042393,0.41947850641693607,0.2635161631398615,0.6276018520093464,0.02170672690430886,0.40358232222178514,0.2762796424527253,0.8380312181473201,0.18060875864692305,0.5572275872996062,0.4517344869946113,0.12304325996196619,0.45952072623326645,0.9923709729077751,0.10724980887809621,0.308271266436276,0.8310591246900534,0.04776175450631781,0.26229205787145604,0.07042299672069974,0.19430358762328004,0.3020163487963903,0.2373995513920254,0.04897749959778941,0.7239178541147677,0.1542621460599014,0.5469634711513385,0.9865394606218356,0.5325852028832996,0.2417849419067043,0.6584110374850851,0.6123150472709741,0.9422492774194314,0.6651223183906531,0.5736119253379803,0.7688232251257745,0.37025406691211105,0.2205686401387421,0.0049414377901275675,0.7683825580918829,0.8732761311007765,0.00572333263017466,0.0,0.24776464234775397,0.11698274278041199,0.6232390562502819,0.922017160792516,0.7265742106691178,0.5998948623366441,0.6778881563336286
0.7732412754327208,0.030784240577980793,0.8582896594188992,0.2056833536711905,0.4613700268465908,0.13341809496093693,0.9631116915841372,0.7068518274610787,0.847580869263126,0.2149450281841626,0.4186510337925735,0.1446540872817602,0.00711296787536253,0.22719211818700324,0.4455284351897729,0.3482094658046847,0.6259841760718777,0.11029843801255779,0.5001853091721129,0.7131560230574189,0.6914367455332786,0.8239740552420439,0.4478225625143326,0.7107943020113737,0.575595389068493,0.6865647505104298,0.0724061982219345,0.562091476891428,0.5363112912395169,0.5265512049861527,0.18653012010554615,0.5225676099027728,0.004297449787562191,0.01685628805309558,0.8834908320533621,0.6517236019517308,0.4668741226777866,0.30209493559494194,0.7798454605430735,0.22681832242737898,0.5867702796150105,0.638711488245174,0.24776464234775397,0.0,0.7605742780612899,0.26350774778502917,0.7482683130847181,0.8353890390856906,0.6332456643791049,0.42658518314157645
0.6443325969379211,0.2212202170537383,0.7368860599512193,0.6618630087921545,0.6274146202311148,0.875874406571002,0.28119673046324656,0.23650637559442655,0.984845936486951,0.4675144726590672,0.8369489139783668,0.7976878016485555,0.6173286262045138,0.08355589602178093,0.6046231337121684,0.07083439785590495,0.716714117700511,0.034358209739321244,0.21455533247630798,0.7715730891488114,0.8516419552500936,0.715859802059161,0.889630157512013,0.36327885446950003,0.4389545296047689,0.4738173733526567,0.6334207820065771,0.035304531753236446,0.2151121611135961,0.9045941896297399,0.14947561424412859,0.034597716274232915,0.3300406969453279,0.9999896127015083,0.6538781457259725,0.4940162723884868,0.29858655695351866,0.8520432122658798,0.45096484791811553,0.1826611574951157,0.40954027119148884,0.07214080111358656,0.11698274278041199,0.7605742780612899,0.0,0.059005237027519475,0.8330750972852012,0.8384104611896713,0.2181860769972197,0.17083048036940585
0.05498706296020828,0.7729043982223605,0.002725848275926923,0.08701585448964733,0.762569796957401,0.6173140300484022,0.9503884130686144,0.7776215009199211,0.008903918419463142,0.9834443284099009,0.6886518958637037,0.2661351510065685,0.4625784503244783,0.3410304994270992,0.6255820265584325,0.5412739051883637,0.8545332330285275,0.25737734356264896,0.2574588569867986,0.21786122392056895,0.3985144279529318,0.8272902517421312,0.6403928789527666,0.4409966280235549,0.07234041080840059,0.028858360594559818,0.834655587216101,0.5305546129644406,0.8173543307604303,0.6219979646495736,0.7778509203693288,0.721688142835898,0.5889366238566369,0.8504082713192679,0.7906565227019124,0.7390255699901683,0.5035799359975083,0.5976287605047288,0.6978693485957104,0.6765600182977847,0.016595682316113525,0.2624912843920927,0.6232390562502819,0.26350774778502917,0.059005237027519475,0.0,0.562445402754838,0.9958784287605393,0.6410472516425874,0.7608849412800471
0.10839381115890634,0.531127701555544,0.3736917684052956,0.8089705215145006,0.35773661002637036,0.19033857965952283,0.5948808330706873,0.6837259434698527,0.9148195217672092,0.961845973730532,0.9876042193471367,0.8257228691248844,0.11042091126858944,0.6330437695447093,0.5045329806426376,0.09170721190947195,0.39765629025197036,0.7976522985781996,0.32726803587869835,0.40905100258621585,0.07918037381873588,0.24836876185968326,0.26412244003641594,0.9660562285659078,0.21122764095933066,0.14722033923604605,0.5856209556610374,0.3452239820609797,0.6680991442131752,0.8913379385189648,0.25344523256077733,0.8707431041549618,0.09118172864788365,0.49433652296795405,0.5398018081798859,0.8219416953303317,0.8626300233701599,0.41817003952426945,0.13229506806797364,0.14371899905593988,0.4369190290633428,0.7644520692126702,0.922017160792516,0.7482683130847181,0.8330750972852012,0.562445402754838,0.0,0.5789467882366615,0.45066328238139153,0.2184090419263759
0.05030847186143983,0.31168790469902696,0.5908611667014627,0.8726855547070578,0.19675021124191483,0.10347275187735483,0.9211594794473437,0.4331651129186751,0.8937915090906436,0.4904231785561286,0.4602741496133669,0.925171208104701,0.6830946119934331,0.4957274662153477,0.9142080107081829,0.1534400223246084,0.280628142154681,0.004741150192894228,0.5016375805306393,0.7634147210567435,0.4374231375162264,0.06131269801968331,0.8036419859527792,0.31279719917578364,0.17456232098731583,0.8527492546540585,0.453654415538181,0.46994625638769716,0.7783722179239255,0.10559409093153704,0.3297705770514222,0.20677247983923575,0.756507126104198,0.1669748677936278,0.8925938040551309,0.987415479881554,0.7947871239280602,0.6696728546126608,0.1843356880110586,0.9607604962300612,0.0557699979464894,0.32874026456535,0.7265742106691178,0.8353890390856906,0.8384104611896713,0.9958784287605393,0.5789467882366615,0.0,0.6898536014227349,0.5401836644068289
0.10810376653860043,0.24084526340210777,0.6424696096308733,0.08614257178603102,0.8932587921907253,0.060241209133810036,0.02868929720838398,0.09697730162962992,0.9946565852012981,0.5483913429130876,0.43428096218957724,0.9963155299697223,0.0714712443330463,0.6796929368888386,0.7533388446260117,0.7484572382856526,0.08837361077998507,0.9973767193437769,0.8012123952432456,0.4963187463723714,0.5841349264259725,0.2000401984111242,0.8919129426305337,0.8863981696982394,0.7771339948804296,0.9497771936882297,0.6798558557271732,0.47002195926105894,0.2870845355193443,0.786352482343913,0.6091946367449389,0.4303565167333949,0.9576094368981993,0.0894587607033922,0.23435601564184727,0.43891277191595457,0.932835482566574,0.5083898220293812,0.9870583290514825,0.5803598319040149,0.49851865089016534,0.48533205121113365,0.5998948623366441,0.6332456643791049,0.2181860769972197,0.6410472516425874,0.45066328238139153,0.6898536014227349,0.0,0.7018288933530686
0.4393789915321594,0.8595936138012066,0.6963378865737283,0.8480041157048535,0.23179452760224295,0.39489227324835097,0.6357571885186761,0.18753046732452294,0.2791268983693669,0.1445898926856387,0.6031889941661162,0.8009068557866693,0.39723008673754023,0.5374057779649194,0.6950594643813706,0.8452175495399826,0.9233697327175009,0.3259765249319254,0.3049638666869744,0.863419635681103,0.40681436881890065,0.7812253964380163,0.9667126989866355,0.9944073384761647,0.6518568180831287,0.30995757342535835,0.2644737999922656,0.5218168457155802,0.16457889678245374,0.7453248794568536,0.22813839808448944,0.7807234564503719,0.9937345414307907,0.9844794917795554,0.49794175117742356,0.29204624544215996,0.8061841967436781,0.6418385117340191,0.5073408585773682,0.5276433112767047,0.09368612377771235,0.9983350630551275,0.6778881563336286,0.42658518314157645,0.17083048036940585,0.7608849412800471,0.2184090419263759,0.5401836644068289,0.7018288933530686,0.0

0.0,0.16471110272986877,0.454815720600928,0.21686461511366162,0.5681567214552593,0.6687474441271637,0.29535095956415425,0.9722108014903484,0.7694590310537186,0.410336144303427,0.8640506921958925,0.5938254003679366,0.9769393214783643,0.2079463480650512,0.11631197922674541,0.8950867173887245,0.10455235326110757,0.9434564151192827,0.2760628108269596,0.059471349465011425,0.18482582871092312,0.9743941720014198,0.28870784962525897,0.8930549665133943,0.6377782505816516,0.5742377757459294,0.6408017916091457,0.9118239541929033,0.7375245279083611,0.4033845936622189,0.7837229382570423,0.8863573734158438,0.7883802743679683,0.8932549641356358,0.9259785553754545,0.052487103170682836,0.981303552003463,0.6762116033324168,0.16520133038144125,0.08230344326631522,0.01586539765970496,0.9029002837041648,0.2889264451256818,0.6605331068745995,0.5456357806732441,0.11813364675303628,0.15217924987133125,0.5848405214162096,0.8588090565614112,0.30290781543218626
0.16471110272986877,0.0,0.2812567439460083,0.6562803224553108,0.8776022616953667,0.4042593388725314,0.4270124509384532,0.379573401795408,0.34962517380605784,0.21757079648307287,0.6284967848241173,0.11840969550877967,0.37311868498624845,0.16681666657254368,0.23040489470393022,0.6077734209026473,0.11959312690309587,0.6036736401194671,0.20996416320006606,0.6333939895607772,0.5505233143098828,0.3732435683461087,0.5039346777701914,0.8832957973803793,0.22901317064315008,0.21764621929225791,0.5201825646740789,0.01180024234807564,0.4877282226745929,0.4514294305956683,0.7993877825029707,0.6259397070535389,0.7821548886630613,0.7762940267329312,0.2044432019784026,0.07888874535842172,0.9489409834902474,0.8964309174986768,0.9860370163602333,0.6835043495989395,0.9360859838717746,0.1380164267801235,0.38895354913308544,0.7292345799766057,0.43199946936308475,0.7208559165940245,0.1544867568739947,0.3792781395558519,0.38239730081215917,0.09662811259539805
0.454815720600928,0.2812567439460083,0.0,0.8107326692950708,0.7045639290648809,0.771925810052247,0.16882469474746886,0.19270798862007854,0.057404813198957294,0.8901304616197023,0.012142866159705168,0.9026035627934436,0.26111098186051696,0.08853990783437393,0.33416127024863984,0.6464074418587106,0.8979335277746539,0.06483725930053541,0.255160016618313,0.8335574564234756,0.625649508543694,0.5507830777262825,0.5721528047525493,0.20829211454252572,0.6578990188227426,0.39273278219588914,0.20186188270636451,0.23322186280770218,0.5758295160617323,0.2052925141872899,0.6176499143220594,0.46275139581256475,0.9491557138551143,0.41469827972038287,0.4986713255446321,0.9722349523459934,0.6252395691789173,0.7857700885236822,0.4684878625825514,0.447861495636214,0.43246686958702685,0.4293152567354873,0.6456968629517803,0.08781967208852948,0.7105271694701136,0.7030520196474594,0.20766104824544673,0.8779684633519432,0.14755129330362216,0.3405614024824156
0.21686461511366162,0.6562803224553108,0.8107326692950708,0.0,0.7073934243133077,0.09533608499654012,0.5766746546568237,0.19688306162542735,0.13313126918282248,0.9476744481943263,0.5719611444990373,0.6135423856731774,0.16727028326227744,0.5539656513748716,0.20579737375323026,0.42868274700167464,0.9109565754592336,0.8339697233568687,0.10580053915036713,0.6583377670615089,0.08776019373048916,0.7482774908176254,0.3872585090748061,0.8242547769359077,0.9900956126394506,0.5223963879729145,0.7891723188417509,0.6615036382383296,0.377254527117461,0.20461519115369675,0.26067839857340913,0.7639324200096018,0.6823259849932317,0.46037396520953655,0.4517338262510583,0.3272759935157169,0.7603293556246685,0.03786104888023878,0.6204968476134273,0.5596726955489337,0.6409370955023799,0.8403807273175159,0.19233598162483,0.19191509310370924,0.27297277538602394,0.27102972970375616,0.6042829447971038,0.1644664129744664,0.6572247835746459,0.3992607457768246
0.5681567214552593,0.8776022616953667,0.7045639290648809,0.7073934243133077,0.0,0.07968092964757001,0.2896945868933798,0.5751611089255358,0.18330828499844742,0.5621693142762544,0.8776483724404809,0.5507268931316756,0.7001832558319036,0.9605143287008486,0.6563110291442575,0.5038657671810531,0.6622812730941596,0.8523215849737509,0.6561853664081253,0.2383053449503295,0.9781702600380344,0.3350736136083161,0.996778169931617,0.4320076972261395,0.3074694807383336,0.030509828821891016,0.27463144263703043,0.14040206209993122,0.3025531039915592,0.24957760460614975,0.3747399510508995,0.9088859893650407,0.19362344558634037,0.5744924617633451,0.28525302762330096,0.35774393530651827,0.6845878322516298,0.9735844311977532,0.9710105709006582,0.35493227904695757,0.5842838370636082,0.6832909664842408,0.6518023188798164,0.8831222951431309,0.16336871249547047,0.23927348628902834,0.8104543698909188,0.9663168127884033,0.15316889025315383,0.10120275816082236
0.6687474441271637,0.4042593388725314,0.771925810052247,0.09533608499654012,0.07968092964757001,0.0,0.2169832467264462,0.6074488659036242,0.5963604065566775,0.11472965641233945,0.6649740495411787,0.050840202097175546,0.6202340332841714,0.21530096492748008,0.7707969551084021,0.7565403445676336,0.8688854086887198,0.21610335537937886,0.6607879200545832,0.28325186605864217,0.3003898401336247,0.26661862679756443,0.6972542959048054,0.49065430906111673,0.5491561672060821,0.3950904850138375,0.6974315779854372,0.24999120657388418,0.7391972897226513,0.9105319446171182,0.22540415669983072,0.7749288038382424,0.46037161794535364,0.7510651195160678,0.15538731918860849,0.306068119899621,0.824362439386601,0.7203845957450143,0.921487217056645,0.6382229248194238,0.4473955086674487,0.7159541425812495,0.46805620021224004,0.2472513391239256,0.475568134822284,0.09269899863892062,0.1237424217883224,0.6201695594250874,0.922139682738959,0.2872815584125026
0.29535095956415425,0.4270124509384532,0.16882469474746886,0.5766746546568237,0.2896945868933798,0.2169832467264462,0.0,0.17207168344534018,0.5884653310378339,0.7584426152250119,0.47328355719292914,0.9581224054981394,0.8221464557777864,0.7912656505492088,0.1852765149408615,0.028065054333214712,0.34009991109754967,0.48427655202856845,0.20092463147043027,0.18438810333597422,0.13206489182950198,0.5003477239147436,0.251157917686856,0.9631823068607945,0.519397207444376,0.6252195379041993,0.6338109969759778,0.44368921547852325,0.5492062803429023,0.9021932805770411,0.47350826593774753,0.28593242469656077,0.6748377990716661,0.6143980247305644,0.9297257030940148,0.571968393406752,0.3475766360434882,0.2690529237484057,0.6243689385193457,0.7134211214150031,0.3189219905029105,0.40551602235293194,0.17157625233345986,0.46781536809477997,0.49531380455802787,0.7668239595725569,0.9343394356794384,0.3376117592990119,0.3246376425152909,0.7432245011274223
0.9722108014903484,0.379573401795408,0.19270798862007854,0.19688306162542735,0.5751611089255358,0.6074488659036242,0.17207168344534018,0.0,0.39257077574120014,0.9444037747393826,0.304300367360807,0.6765397299871624,0.12455658017603854,0.06688912652172596,0.34173060125702703,0.999402520119015,0.4686245016872256,0.48734244738016597,0.8249399057960449,0.01271976958662302,0.8021689388929385,0.11008727146019592,0.2546141111064947,0.12542804696943155,0.7574119557018657,0.9817039280217846,0.6458765112634874,0.07503125318418236,0.06722948353638392,0.6620216807801719,0.5707158425953117,0.7754206263094211,0.16479849780786338,0.91021720403568,0.22769111881306958,0.24582651066492311,0.721480272974174,0.9593977883557457,0.47852148299915365,0.5891605934177411,0.8860161326330677,0.17460967426543372,0.57950408951261,0.01851034403156493,0.9355694088320279,0.7298740471943715,0.8775080139809069,0.22567902222725578,0.31581330038889543,0.6004177249685049
0.7694590310537186,0.34962517380605784,0.057404813198957294,0.13313126918282248,0.18330828499844742,0.5963604065566775,0.5884653310378339,0.39257077574120014,0.0,0.67216532338304,0.3965801119277771,0.4593439544774355,0.9267974890090764,0.3541787935796844,0.8519273061162311,0.7731972653366721,0.6489854145105387,0.22927289545487162,0.5825511079520372,0.7379079159209282,0.907786090783415,0.9144473594764063,0.22354489750491302,0.6311152336442444,0.7835571583088281,0.790109477068343,0.4310681377220853,0.08415291148703907,0.6760326524515701,0.25981989862907495,0.09707076045730612,0.1498048971274023,0.268844013706117,0.49666760143760524,0.5761290189924214,0.8973968150933801,0.5476125369635513,0.5043621240349497,0.3925202093611756,0.005104276212809955,0.3162094840248796,0.9438461282213134,0.16758381310300896,0.7551596683702395,0.7838165620991435,0.10024080034553573,0.4871421500259231,0.37718037490777334,0.7010027612981755,0.7311697478717073
0.410336144303427,0.21757079648307287,0.8901304616197023,0.9476744481943263,0.5621693142762544,0.11472965641233945,0.7584426152250119,0.9444037747393826,0.67216532338304,0.0,0.29389187412945605,0.6675042919670927,0.21307264905893541,0.39263172672167523,0.2460726598542492,0.23730173135644894,0.4247060951017011,0.19133806914949458,0.046383947963849814,0.876989643601468,0.6585777226341197,0.21070837290292577,0.6952004288408158,0.8375174533067203,0.05098212560636295,0.8880031666171978,0.8571817459330922,0.19530917016141136,0.6595756951607581,0.3316750116590813,0.9040640792701943,0.9057298922699083,0.6571014061513853,0.6715519826506207,0.30238239799181366,0.25669808356735657,0.031839058480448434,0.7459859792046257,0.7566037968779983,0.9847713362147011,0.37555053062726806,0.2854340116876589,0.5715444151956841,0.5997985054426197,0.26014824349899435,0.7290160239668052,0.7018884909640309,0.9196507576772488,0.046761960114631296,0.7516192219626703
0.8640506921958925,0.6284967848241173,0.012142866159705168,0.5719611444990373,0.8776483724404809,0.6649740495411787,0.47328355719292914,0.304300367360807,0.3965801119277771,0.29389187412945605,0.0,0.26132340618087446,0.7412019348017709,0.7333676200082808,0.7417222461167369,0.2516027267163089,0.4639517737637229,0.8778602821691498,0.05930434190415035,0.8878060666315666,0.7136127111253916,0.8548009035111426,0.8720559527261708,0.44913806165589953,0.8561938103906516,0.35132117606446656,0.4693691282433726,0.9871014452139308,0.31097065442668215,0.35411474607842475,0.32950929272255536,0.13512087855423938,0.9653389388219932,0.10623640627572872,0.19936988841970016,0.8762898499350535,0.9272281093069146,0.14095057108201947,0.3695555724686179,0.6705383224436409,0.35954514610559485,0.34015428266097947,0.040199803496778985,0.767486130220554,0.45936919856216996,0.25723450087677235,0.41480958555692937,0.7559418416576817,0.6880229267102435,0.75586285631978
0.5938254003679366,0.11840969550877967,0.9026035627934436,0.6135423856731774,0.5507268931316756,0.050840202097175546,0.9581224054981394,0.6765397299871624,0.4593439544774355,0.6675042919670927,0.26132340618087446,0.0,0.17310189425945244,0.08233764627248308,0.10082044912858845,0.020135219311387953,0.2843152383006572,0.28661860247227944,0.6092723337040564,0.23118879281873062,0.6636784373041564,0.2861614075777754,0.3124794659078114,0.7301643932693113,0.7549936030976392,0.07364605307439964,0.8885060188347772,0.4396856177373203,0.052896815130879404,0.6827980234414635,0.416476970027324,0.22020207595039398,0.9171673597382686,0.9177343568747323,0.2652634128278214,0.12587901121037237,0.46580575294424575,0.919980739155277,0.9140062301665182,0.5646437828418621,0.28908828798783603,0.07505958748319774,0.05174060101076028,0.48270882599030374,0.028613653747902035,0.6070882119037271,0.35515537279851805,0.2908401518812872,0.6746334418137279,0.6724695642617272
0.9769393214783643,0.37311868498624845,0.26111098186051696,0.16727028326227744,0.7001832558319036,0.6202340332841714,0.8221464557777864,0.12455658017603854,0.9267974890090764,0.21307264905893541,0.7412019348017709,0.17310189425945244,0.0,0.8568345545709789,0.8433418122535756,0.24896944257283404,0.933734258745566,0.5399784299418579,0.5939057125676614,0.6763002008375557,0.8463200204608865,0.9297608435736038,0.1962540133926478,0.893546723175362,0.6202271580530738,0.09310833995989187,0.6921652743539082,0.8882639647403855,0.11650066565596184,0.11338386066511974,0.7183531994024046,0.11907661057632857,0.07811590784364242,0.8420038309740894,0.6038294781319268,0.26327482108669187,0.2010821485524853,0.1184640884356788,0.12392429212559619,0.8642745312010919,0.4896059792165519,0.7464442158971181,0.8168861790083314,0.23756548684339474,0.9868102268462019,0.7952601320766407,0.5318902590580911,0.9388000398082202,0.766585326912171,0.6627032643684492
0.2079463480650512,0.16681666657254368,0.08853990783437393,0.5539656513748716,0.9605143287008486,0.21530096492748008,0.7912656505492088,0.06688912652172596,0.3541787935796844,0.39263172672167523,0.7333676200082808,0.08233764627248308,0.8568345545709789,0.0,0.6811997342265093,0.5122617717090695,0.8452037170646551,0.691525729577174,0.15773901859900752,0.8559370029856866,0.615277720127833,0.15564645825509438,0.8386831270104969,0.9475364513181606,0.8649428780500972,0.18594131726997876,0.9808061763754649,0.23216098525051143,0.692353733854497,0.8064390268787912,0.5924991447587588,0.7811357199659676,0.6944747795956482,0.697312652524121,0.978265314420424,0.10374661485316516,0.5409623325316023,0.8558065820928937,0.5605058161661696,0.3241874067586378,0.9828734848402483,0.4085749204297545,0.2825469192320057,0.5571264565781232,0.7561515295500291,0.25700660189459645,0.41347863861867706,0.3730324569775004,0.22943871588843268,0.8743584257506206
0.11631197922674541,0.23040489470393022,0.33416127024863984,0.20579737375323026,0.6563110291442575,0.7707969551084021,0.1852765149408615,0.34173060125702703,0.8519273061162311,0.2460726598542492,0.7417222461167369,0.10082044912858845,0.8433418122535756,0.6811997342265093,0.0,0.5151476175026861,0.41635344588848444,0.8735530374843803,0.9702529081834476,0.5312909564504477,0.7023878209885929,0.7846196315181937,0.7665347753252375,0.6116899975697406,0.6070730920007192,0.8958633032973279,0.6409296917061769,0.3325363406644435,0.8774820852600401,0.43113033465892503,0.3942376758452619,0.24282491529003936,0.9797204348568661,0.9854878831742172,0.6687311778061592,0.6816346032294169,0.39940724896313307,0.5876536163333888,0.19620987203555573,0.999298286693605,0.8379801165279958,0.7200692462987296,0.8203735021616905,0.6412052864402852,0.1126587378987981,0.3703923240813024,0.28715867260481487,0.2736382919874606,0.7584109306413502,0.2688119524894125
0.8950867173887245,0.6077734209026473,0.6464074418587106,0.42868274700167464,0.5038657671810531,0.7565403445676336,0.028065054333214712,0.999402520119015,0.7731972653366721,0.23730173135644894,0.2516027267163089,0.020135219311387953,0.24896944257283404,0.5122617717090695,0.5151476175026861,0.0,0.09312496938492276,0.43544747638092884,0.39617467038278864,0.05226953695142156,0.9471496409493245,0.9056948939015996,0.9450122213465801,0.4981959213086695,0.8676734366211506,0.7627255713163927,0.8891630010075049,0.9591003145699855,0.15828102999924953,0.1249973707894304,0.9524590052782689,0.8420791859422174,0.0419076515262633,0.3716486554837364,0.40678525754626615,0.9494321446503704,0.8347578504633966,0.34640057569327787,0.41943751930091,0.48027884177160485,0.8739905679823728,0.01045606449921066,0.9081077143138453,0.12016027948919983,0.44050062102664844,0.5993336120492608,0.006443383511414047,0.8234065204499884,0.5423589746979386,0.13508860763864383
0.10455235326110757,0.11959312690309587,0.8979335277746539,0.9109565754592336,0.6622812730941596,0.8688854086887198,0.34009991109754967,0.4686245016872256,0.6489854145105387,0.4247060951017011,0.4639517737637229,0.2843152383006572,0.933734258745566,0.8452037170646551,0.41635344588848444,0.09312496938492276,0.0,0.039762258026454056,0.3370461174822531,0.22229670898428855,0.27274665573905865,0.7644066935578274,0.8167643701430085,0.8330971281929572,0.5429170156474216,0.005117184313857659,0.3129072949520413,0.06379579533112811,0.023602581968000025,0.4559815216829324,0.07805587619966736,0.40687720785212067,0.5290075430663012,0.21422511009426137,0.20180066097992544,0.7599260200858767,0.6237184074189943,0.2003408937796306,0.3730954309191147,0.8884239008531373,0.9515641571327235,0.8438789292477786,0.5740850785138261,0.5963042985575804,0.225300471987127,0.8915569718634918,0.20435554952538693,0.5385827298970979,0.5987534038834103,0.5658333637959486
0.9434564151192827,0.6036736401194671,0.06483725930053541,0.8339697233568687,0.8523215849737509,0.21610335537937886,0.48427655202856845,0.48734244738016597,0.22927289545487162,0.19133806914949458,0.8778602821691498,0.28661860247227944,0.5399784299418579,0.691525729577174,0.8735530374843803,0.43544747638092884,0.039762258026454056,0.0,0.0816861502616919,0.7234553785053427,0.47321492165488654,0.03104242624857545,0.8975287000785758,0.39198474377745696,0.2350658806962208,0.5556518776396829,0.352129536086046,0.49293866838433,0.5272872321141786,0.20006065624835556,0.1003330316891845,0.6322779113056207,0.4685961076467485,0.5408660220942972,0.45411105796042095,0.12634630617108855,0.526973908477171,0.9191082784642506,0.04543672663211673,0.7893177667917245,0.766070016867482,0.7812114762057512,0.9107068774991295,0.1355978324065188,0.8575108491973032,0.46640304612545325,0.4845628704758722,0.3818094921170222,0.6167067983278004,0.6271642757426729
0.2760628108269596,0.20996416320006606,0.255160016618313,0.10580053915036713,0.6561853664081253,0.6607879200545832,0.20092463147043027,0.8249399057960449,0.5825511079520372,0.046383947963849814,0.05930434190415035,0.6092723337040564,0.5939057125676614,0.15773901859900752,0.9702529081834476,0.39617467038278864,0.3370461174822531,0.0816861502616919,0.0,0.36618267022405215,0.5393854327962054,0.950544182729317,0.23638503494447938,0.3205674363153951,0.12770104648074765,0.23095717406325,0.46559776395019925,0.8870305946180271,0.5631775087088323,0.42344808317313987,0.7109387617863465,0.03186220915145488,0.039289337752896,0.6640025600583584,0.7850566174980311,0.45639071038984425,0.3172580484570776,0.31706203272136846,0.28412239946019524,0.9821242301102455,0.22529512570113563,0.8068462658579743,0.6948345586557412,0.7651353213553193,0.2625062060264679,0.5069638335178054,0.5544875868206065,0.12136439767907004,0.7352321006543827,0.5773578067509213
0.059471349465011425,0.6333939895607772,0.8335574564234756,0.6583377670615089,0.2383053449503295,0.28325186605864217,0.18438810333597422,0.01271976958662302,0.7379079159209282,0.876989643601468,0.8878060666315666,0.23118879281873062,0.6763002008375557,0.8559370029856866,0.5312909564504477,0.05226953695142156,0.22229670898428855,0.7234553785053427,0.36618267022405215,0.0,0.18371975815031327,0.04230072225128234,0.6736975468362512,0.23244061830417773,0.02237071860815265,0.07835789996086118,0.35350053574757134,0.5434891759247613,0.21313889679941234,0.04332082611362953,0.6425467732615874,0.1650441563595828,0.07770768174966136,0.9764870344837003,0.8964943273763472,0.27986906138438794,0.04327630412883099,0.1269311690254118,0.27459077133107135,0.3076984912846714,0.785443284170713,0.5336777857490798,0.061457680940455006,0.6080429754953609,0.30400162285574217,0.11811075480062327,0.3231276324258433,0.8092833406371567,0.39467664193700136,0.08312518068712571
0.18482582871092312,0.5505233143098828,0.625649508543694,0.08776019373048916,0.9781702600380344,0.3003898401336247,0.13206489182950198,0.8021689388929385,0.907786090783415,0.6585777226341197,0.7136127111253916,0.6636784373041564,0.8463200204608865,0.615277720127833,0.7023878209885929,0.9471496409493245,0.27274665573905865,0.47321492165488654,0.5393854327962054,0.18371975815031327,0.0,0.36110357411127625,0.6738667016025547,0.9109134801283306,0.12547065599344642,0.053845581234125195,0.12195163976372925,0.23382979975343576,0.7388879937847078,0.6194084690014994,0.3983014434752373,0.04898057026984981,0.972112890658918,0.9113984094751204,0.2638341521498919,0.8170983687033591,0.9687034285268823,0.49836630256219494,0.150860355808075,0.3484259730216229,0.20035952692074743,0.6154038026947958,0.30905178043393855,0.061658018673968806,0.7673274942896195,0.49793909758212995,0.5646276592953784,0.2584279233773714,0.2594859319900248,0.5567928468841054
0.9743941720014198,0.3732435683461087,0.5507830777262825,0.7482774908176254,0.3350736136083161,0.26661862679756443,0.5003477239147436,0.11008727146019592,0.9144473594764063,0.21070837290292577,0.8548009035111426,0.2861614075777754,0.9297608435736038,0.15564645825509438,0.7846196315181937,0.9056948939015996,0.7644066935578274,0.03104242624857545,0.950544182729317,0.04230072225128234,0.36110357411127625,0.0,0.21739982285176263,0.5227821783708168,0.0673269815860843,0.3963887195431497,0.598436090751754,0.009919198448152255,0.6473661414285758,0.06001219135466651,0.5136082401396979,0.04546212766220459,0.2786592294671426,0.38995227167651036,0.7037696634882237,0.2713846995007341,0.2751826576943929,0.0157831319034738,0.10122683172946989,0.43048953815644275,0.626875616215908,0.2019453235061045,0.08618142099488924,0.22004478139049077,0.42171095812181136,0.018275844720898382,0.24514537317997986,0.9395971073877064,0.13000861433875532,0.782402420871733
0.28870784962525897,0.5039346777701914,0.5721528047525493,0.3872585090748061,0.996778169931617,0.6972542959048054,0.251157917686856,0.2546141111064947,0.22354489750491302,0.6952004288408158,0.8720559527261708,0.3124794659078114,0.1962540133926478,0.8386831270104969,0.7665347753252375,0.9450122213465801,0.8167643701430085,0.8975287000785758,0.23638503494447938,0.6736975468362512,0.6738667016025547,0.21739982285176263,0.0,0.35630164339792614,0.20722930461770694,0.8439902098730304,0.9795628010997398,0.050787288049263135,0.7437106081184617,0.6580780527444068,0.5516418261547499,0.49086276000925233,0.5560938207368088,0.7316468123594481,0.14988280333438664,0.1539362092039519,0.18723800471984375,0.37728400364179937,0.595019499119218,0.9058492035042688,0.8022657589073291,0.18366713886985309,0.9252320504126945,0.7716230419195468,0.40818689120579055,0.43444314981596066,0.038727138361213664,0.16182166630208095,0.4736501917995457,0.9759068038840407
0.8930549665133943,0.8832957973803793,0.20829211454252572,0.8242547769359077,0.4320076972261395,0.49065430906111673,0.9631823068607945,0.12542804696943155,0.6311152336442444,0.8375174533067203,0.44913806165589953,0.7301643932693113,0.893546723175362,0.9475364513181606,0.6116899975697406,0.4981959213086695,0.8330971281929572,0.39198474377745696,0.3205674363153951,0.23244061830417773,0.9109134801283306,0.5227821783708168,0.35630164339792614,0.0,0.4223490115660362,0.2893708657369942,0.8122596097877851,0.8277331078106211,0.27940505449661057,0.6009399795613389,0.1887475207910685,0.9031128362661623,0.743195991998784,0.9949164330680196,0.3505348577563516,0.14064105806405658,0.8892996069771784,0.6576532251285269,0.3877471099945746,0.43317707492846425,0.39845449014984746,0.16496884810981605,0.3014912699887351,0.5190540516433229,0.5535351197122999,0.9915666598844272,0.9014062905777876,0.9561844420293734,0.4935881018912103,0.20806585716503323
0.6377782505816516,0.22901317064315008,0.6578990188227426,0.9900956126394506,0.3074694807383336,0.5491561672060821,0.519397207444376,0.7574119557018657,0.7835571583088281,0.05098212560636295,0.8561938103906516,0.7549936030976392,0.6202271580530738,0.8649428780500972,0.6070730920007192,0.8676734366211506,0.5429170156474216,0.2350658806962208,0.12770104648074765,0.02237071860815265,0.12547065599344642,0.0673269815860843,0.20722930461770694,0.4223490115660362,0.0,0.564998829061913,0.5008709953582109,0.41750705245393605,0.9441904454991379,0.28663088863114294,0.8046377673779257,0.8541021592418853,0.5382743520704629,0.050756459756453265,0.259174211423838,0.7975355450358795,0.05934505582869598,0.6152300344178948,0.8634842212169289,0.5708650216251517,0.5289717194203929,0.02731225960174255,0.7753029779170506,0.32540534964926804,0.7495652234175326,0.21846583379410112,0.9882431896220879,0.14671545247558437,0.9985861862367044,0.9131859928345807
0.5742377757459294,0.21764621929225791,0.39273278219588914,0.5223963879729145,0.030509828821891016,0.3950904850138375,0.6252195379041993,0.9817039280217846,0.790109477068343,0.8880031666171978,0.35132117606446656,0.07364605307439964,0.09310833995989187,0.18594131726997876,0.8958633032973279,0.7627255713163927,0.005117184313857659,0.5556518776396829,0.23095717406325,0.07835789996086118,0.053845581234125195,0.3963887195431497,0.8439902098730304,0.2893708657369942,0.564998829061913,0.0,0.8085997625698172,0.4742727158418205,0.3660683653586294,0.644618173005534,0.6248176505293236,0.6099109427561025,0.19931276401666442,0.844931734596703,0.5961063113671234,0.5359672316364373,0.7186964792601732,0.7844581244929151,0.5969995520229159,0.16687853392571061,0.5494508093242644,0.1147106735918566,0.365079658856745,0.3476267471933209,0.8023285035532911,0.6381940238335269,0.31293830220868557,0.8675719895230584,0.017978446715644858,0.9173417026908545
0.6408017916091457,0.5201825646740789,0.20186188270636451,0.7891723188417509,0.27463144263703043,0.6974315779854372,0.6338109969759778,0.6458765112634874,0.4310681377220853,0.8571817459330922,0.4693691282433726,0.8885060188347772,0.6921652743539082,0.9808061763754649,0.6409296917061769,0.8891630010075049,0.3129072949520413,0.352129536086046,0.46559776395019925,0.35350053574757134,0.12195163976372925,0.598436090751754,0.9795628010997398,0.8122596097877851,0.5008709953582109,0.8085997625698172,0.0,0.14881857466675774,0.9006789880486845,0.017254008465117154,0.5898439673228733,0.8293273266785034,0.21584028858113757,0.4399946957546147,0.8369441001934883,0.9381604377352634,0.5518328072538377,0.5440219269385052,0.2839462695671341,0.7733043034119007,0.24547456627455466,0.5089089093277323,0.9361600674025973,0.3748843435334607,0.4773691093566922,0.8347056301056515,0.3162991132241171,0.287873701427239,0.9574871782760298,0.7398803848283826
0.9118239541929033,0.01180024234807564,0.23322186280770218,0.6615036382383296,0.14040206209993122,0.24999120657388418,0.44368921547852325,0.07503125318418236,0.08415291148703907,0.19530917016141136,0.9871014452139308,0.4396856177373203,0.8882639647403855,0.23216098525051143,0.3325363406644435,0.9591003145699855,0.06379579533112811,0.49293866838433,0.8870305946180271,0.5434891759247613,0.23382979975343576,0.009919198448152255,0.050787288049263135,0.8277331078106211,0.41750705245393605,0.4742727158418205,0.14881857466675774,0.0,0.2506615988108518,0.617096495371775,0.6754509622498918,0.18019685410870157,0.04217253301440793,0.6373847284406547,0.012735216337631416,0.35296049102100546,0.5175284165965482,0.5603708350433506,0.18231671783755776,0.1948171576031722,0.17978878953771493,0.2918283549726277,0.4367857177390416,0.6229247297984378,0.9676862462902673,0.3107669268800185,0.539309261071726,0.8191822859356395,0.2736309041205237,0.615046912198804
0.7375245279083611,0.4877282226745929,0.5758295160617323,0.377254527117461,0.3025531039915592,0.7391972897226513,0.5492062803429023,0.06722948353638392,0.6760326524515701,0.6595756951607581,0.31097065442668215,0.052896815130879404,0.11650066565596184,0.692353733854497,0.8774820852600401,0.15828102999924953,0.023602581968000025,0.5272872321141786,0.5631775087088323,0.21313889679941234,0.7388879937847078,0.6473661414285758,0.7437106081184617,0.27940505449661057,0.9441904454991379,0.3660683653586294,0.9006789880486845,0.2506615988108518,0.0,0.5579330767303394,0.7691363663598167,0.3834512436188974,0.5744069912964419,0.975532947787246,0.5401078724888364,0.858116399060452,0.4864494873551094,0.8548981344727038,0.013295858972285579,0.26092914800951383,0.37699949571298697,0.5792561463215661,0.971527079802547,0.6830667599827627,0.08490810762417078,0.7916306043222262,0.49141212664287603,0.9419005833075621,0.23904039728165938,0.3623049628485533
0.4033845936622189,0.4514294305956683,0.2052925141872899,0.20461519115369675,0.24957760460614975,0.9105319446171182,0.9021932805770411,0.6620216807801719,0.25981989862907495,0.3316750116590813,0.35411474607842475,0.6827980234414635,0.11338386066511974,0.8064390268787912,0.43113033465892503,0.1249973707894304,0.4559815216829324,0.20006065624835556,0.42344808317313987,0.04332082611362953,0.6194084690014994,0.06001219135466651,0.6580780527444068,0.6009399795613389,0.28663088863114294,0.644618173005534,0.017254008465117154,0.617096495371775,0.5579330767303394,0.0,0.803975218301518,0.4680628901363142,0.6392799121732027,0.9388241063526837,0.5901384804152296,0.20127758154447017,0.3754785038889268,0.1407230064834637,0.20621900675637883,0.20859068007590253,0.039162603971797605,0.340834710730779,0.8409981181999083,0.8340325957487763,0.6472631685469136,0.817233189842269,0.07162857818577506,0.4364998244581073,0.23456210680033585,0.20085823333744413
0.7837229382570423,0.7993877825029707,0.6176499143220594,0.26067839857340913,0.3747399510508995,0.22540415669983072,0.47350826593774753,0.5707158425953117,0.09707076045730612,0.9040640792701943,0.32950929272255536,0.416476970027324,0.7183531994024046,0.5924991447587588,0.3942376758452619,0.9524590052782689,0.07805587619966736,0.1003330316891845,0.7109387617863465,0.6425467732615874,0.3983014434752373,0.5136082401396979,0.5516418261547499,0.1887475207910685,0.8046377673779257,0.6248176505293236,0.5898439673228733,0.6754509622498918,0.7691363663598167,0.803975218301518,0.0,0.22705520441949156,0.20620689494758426,0.015296842592346427,0.9346444704182741,0.746506628578566,0.39775986643547634,0.8956519138190138,0.9871129312984842,0.8111785095643895,0.6015596118743181,0.9478851821043915,0.6652384991387732,0.48502530421875745,0.7917572022312185,0.5850623678192046,0.1473554343624086,0.7325181861686604,0.8245721147442611,0.3031747988125659
0.8863573734158438,0.6259397070535389,0.46275139581256475,0.7639324200096018,0.9088859893650407,0.7749288038382424,0.28593242469656077,0.7754206263094211,0.1498048971274023,0.9057298922699083,0.13512087855423938,0.22020207595039398,0.11907661057632857,0.7811357199659676,0.24282491529003936,0.8420791859422174,0.40687720785212067,0.6322779113056207,0.03186220915145488,0.1650441563595828,0.04898057026984981,0.04546212766220459,0.49086276000925233,0.9031128362661623,0.8541021592418853,0.6099109427561025,0.8293273266785034,0.18019685410870157,0.3834512436188974,0.4680628901363142,0.22705520441949156,0.0,0.9687990726091822,0.5806119779617114,0.0018540897255516775,0.4375696539477011,0.07208259902640768,0.5697147747919195,0.30521295715289964,0.13977093418390596,0.1381539169523167,0.3639789461691433,0.800110225236597,0.40152276678423127,0.5812252641994414,0.9823521438908552,0.023192462398343827,0.7566871965593415,0.5482571768997689,0.48442706235479016
0.7883802743679683,0.7821548886630613,0.9491557138551143,0.6823259849932317,0.19362344558634037,0.46037161794535364,0.6748377990716661,0.16479849780786338,0.268844013706117,0.6571014061513853,0.9653389388219932,0.9171673597382686,0.07811590784364242,0.6944747795956482,0.9797204348568661,0.0419076515262633,0.5290075430663012,0.4685961076467485,0.039289337752896,0.07770768174966136,0.972112890658918,0.2786592294671426,0.5560938207368088,0.743195991998784,0.5382743520704629,0.19931276401666442,0.21584028858113757,0.04217253301440793,0.5744069912964419,0.6392799121732027,0.20620689494758426,0.9687990726091822,0.0,0.6781098187075109,0.6819255476548005,0.8003611843629634,0.633489805260778,0.25588018750064134,0.7144460276770755,0.7615982526719961,0.2344689654378389,0.2812773225999794,0.865677530992384,0.37474036663248234,0.04652401106719384,0.5749169035083005,0.45148997023174964,0.06357232355144404,0.010248198957344412,0.5326319549584996
0.8932549641356358,0.7762940267329312,0.41469827972038287,0.46037396520953655,0.5744924617633451,0.7510651195160678,0.6143980247305644,0.91021720403568,0.49666760143760524,0.6715519826506207,0.10623640627572872,0.9177343568747323,0.8420038309740894,0.697312652524121,0.9854878831742172,0.3716486554837364,0.21422511009426137,0.5408660220942972,0.6640025600583584,0.9764870344837003,0.9113984094751204,0.38995227167651036,0.7316468123594481,0.9949164330680196,0.050756459756453265,0.844931734596703,0.4399946957546147,0.6373847284406547,0.975532947787246,0.9388241063526837,0.015296842592346427,0.5806119779617114,0.6781098187075109,0.0,0.8581388264454258,0.004894513356743402,0.6244837139385645,0.9672905096086528,0.847887880548252,0.506738608096361,0.9467978472142367,0.6100635324954932,0.866374216703033,0.4997540449333858,0.3988917942750535,0.31792937401494337,0.9628523166023186,0.19548640167190734,0.5431144923127186,0.9546816062298117
0.9259785553754545,0.2044432019784026,0.4986713255446321,0.4517338262510583,0.28525302762330096,0.15538731918860849,0.9297257030940148,0.22769111881306958,0.5761290189924214,0.30238239799181366,0.19936988841970016,0.2652634128278214,0.6038294781319268,0.978265314420424,0.6687311778061592,0.40678525754626615,0.20180066097992544,0.45411105796042095,0.7850566174980311,0.8964943273763472,0.2638341521498919,0.7037696634882237,0.14988280333438664,0.3505348577563516,0.259174211423838,0.5961063113671234,0.8369441001934883,0.012735216337631416,0.5401078724888364,0.5901384804152296,0.9346444704182741,0.0018540897255516775,0.6819255476548005,0.8581388264454258,0.0,0.3692637139435663,0.8902661632554758,0.38575894248233134,0.045079173471099576,0.24759569685864247,0.44979958832791833,0.9847014599066898,0.5708926689357087,0.6881923720491671,0.8053379721870195,0.22671147356296617,0.011998651008604866,0.46342027368009764,0.0732264205936557,0.7247338710625765
0.052487103170682836,0.07888874535842172,0.9722349523459934,0.3272759935157169,0.35774393530651827,0.306068119899621,0.571968393406752,0.24582651066492311,0.8973968150933801,0.25669808356735657,0.8762898499350535,0.12587901121037237,0.26327482108669187,0.10374661485316516,0.6816346032294169,0.9494321446503704,0.7599260200858767,0.12634630617108855,0.45639071038984425,0.27986906138438794,0.8170983687033591,0.2713846995007341,0.1539362092039519,0.14064105806405658,0.7975355450358795,0.5359672316364373,0.9381604377352634,0.35296049102100546,0.858116399060452,0.20127758154447017,0.746506628578566,0.4375696539477011,0.8003611843629634,0.004894513356743402,0.3692637139435663,0.0,0.5798104657451539,0.6163285119090012,0.6340880824600366,0.10496193330286718,0.9632453808229542,0.5027604324700167,0.4074488532840531,0.1608454875072014,0.23135061247022237,0.15920957048262563,0.7303544915782829,0.4221838603359235,0.6158617385984816,0.7785063204954851
0.981303552003463,0.9489409834902474,0.6252395691789173,0.7603293556246685,0.6845878322516298,0.824362439386601,0.3475766360434882,0.721480272974174,0.5476125369635513,0.031839058480448434,0.9272281093069146,0.46580575294424575,0.2010821485524853,0.5409623325316023,0.39940724896313307,0.8347578504633966,0.6237184074189943,0.526973908477171,0.3172580484570776,0.04327630412883099,0.9687034285268823,0.2751826576943929,0.18723800471984375,0.8892996069771784,0.05934505582869598,0.7186964792601732,0.5518328072538377,0.5175284165965482,0.4864494873551094,0.3754785038889268,0.39775986643547634,0.07208259902640768,0.633489805260778,0.6244837139385645,0.8902661632554758,0.5798104657451539,0.0,0.9157371529573405,0.9586330290421082,0.22666791567542477,0.654761034400104,0.22802921265877452,0.14423911516529975,0.4987753075640544,0.061985314827947224,0.25950469027283385,0.1635638838462551,0.6529575966619898,0.4271992444183006,0.2995058733693753
0.6762116033324168,0.8964309174986768,0.7857700885236822,0.03786104888023878,0.9735844311977532,0.7203845957450143,0.2690529237484057,0.9593977883557457,0.5043621240349497,0.7459859792046257,0.14095057108201947,0.919980739155277,0.1184640884356788,0.8558065820928937,0.5876536163333888,0.34640057569327787,0.2003408937796306,0.9191082784642506,0.31706203272136846,0.1269311690254118,0.49836630256219494,0.0157831319034738,0.37728400364179937,0.6576532251285269,0.6152300344178948,0.7844581244929151,0.5440219269385052,0.5603708350433506,0.8548981344727038,0.1407230064834637,0.8956519138190138,0.5697147747919195,0.25588018750064134,0.9672905096086528,0.38575894248233134,0.6163285119090012,0.9157371529573405,0.0,0.5327342547931517,0.6641324431863476,0.518795406685996,0.7198309643613529,0.1480694754479157,0.05486799617882521,0.6010473312220926,0.19953570278619814,0.13078056938769955,0.7096076039874295,0.8595755757392903,0.9471576136892879
0.16520133038144125,0.9860370163602333,0.4684878625825514,0.6204968476134273,0.9710105709006582,0.921487217056645,0.6243689385193457,0.47852148299915365,0.3925202093611756,0.7566037968779983,0.3695555724686179,0.9140062301665182,0.12392429212559619,0.5605058161661696,0.19620987203555573,0.41943751930091,0.3730954309191147,0.04543672663211673,0.28412239946019524,0.27459077133107135,0.150860355808075,0.10122683172946989,0.595019499119218,0.3877471099945746,0.8634842212169289,0.5969995520229159,0.2839462695671341,0.18231671783755776,0.013295858972285579,0.20621900675637883,0.9871129312984842,0.30521295715289964,0.7144460276770755,0.847887880548252,0.045079173471099576,0.6340880824600366,0.9586330290421082,0.5327342547931517,0.0,0.006578045907407293,0.07772814229448743,0.9517338304424344,0.02656028830319679,0.03833367815831612,0.38236281713692033,0.26431888273763393,0.09868035300010303,0.2047480632043568,0.3757629947727632,0.755056195085247
0.08230344326631522,0.6835043495989395,0.447861495636214,0.5596726955489337,0.35493227904695757,0.6382229248194238,0.7134211214150031,0.5891605934177411,0.005104276212809955,0.9847713362147011,0.6705383224436409,0.5646437828418621,0.8642745312010919,0.3241874067586378,0.999298286693605,0.48027884177160485,0.8884239008531373,0.7893177667917245,0.9821242301102455,0.3076984912846714,0.3484259730216229,0.43048953815644275,0.9058492035042688,0.43317707492846425,0.5708650216251517,0.16687853392571061,0.7733043034119007,0.1948171576031722,0.26092914800951383,0.20859068007590253,0.8111785095643895,0.13977093418390596,0.7615982526719961,0.506738608096361,0.24759569685864247,0.10496193330286718,0.22666791567542477,0.6641324431863476,0.006578045907407293,0.0,0.738378066507329,0.17569397616475535,0.5468016003279108,0.6105119788912838,0.6893127112062027,0.0057081907387276365,0.31657414368144954,0.6090377588511555,0.4343289831455326,0.6701637551068668
0.01586539765970496,0.9360859838717746,0.43246686958702685,0.6409370955023799,0.5842838370636082,0.4473955086674487,0.3189219905029105,0.8860161326330677,0.3162094840248796,0.37555053062726806,0.35954514610559485,0.28908828798783603,0.4896059792165519,0.9828734848402483,0.8379801165279958,0.8739905679823728,0.9515641571327235,0.766070016867482,0.22529512570113563,0.785443284170713,0.20035952692074743,0.626875616215908,0.8022657589073291,0.39845449014984746,0.5289717194203929,0.5494508093242644,0.24547456627455466,0.17978878953771493,0.37699949571298697,0.039162603971797605,0.6015596118743181,0.1381539169523167,0.2344689654378389,0.9467978472142367,0.44979958832791833,0.9632453808229542,0.654761034400104,0.518795406685996,0.07772814229448743,0.738378066507329,0.0,0.6068563343507962,0.7485591092817807,0.8692986190086905,0.6909727758498404,0.5300272774746315,0.015226538712487803,0.4979335174386731,0.7221055357901938,0.008732823705122406
0.9029002837041648,0.1380164267801235,0.4293152567354873,0.8403807273175159,0.6832909664842408,0.7159541425812495,0.40551602235293194,0.17460967426543372,0.9438461282213134,0.2854340116876589,0.34015428266097947,0.07505958748319774,0.7464442158971181,0.4085749204297545,0.7200692462987296,0.01045606449921066,0.8438789292477786,0.7812114762057512,0.8068462658579743,0.5336777857490798,0.6154038026947958,0.2019453235061045,0.18366713886985309,0.16496884810981605,0.02731225960174255,0.1147106735918566,0.5089089093277323,0.2918283549726277,0.5792561463215661,0.340834710730779,0.9478851821043915,0.3639789461691433,0.2812773225999794,0.6100635324954932,0.9847014599066898,0.5027604324700167,0.22802921265877452,0.7198309643613529,0.9517338304424344,0.17569397616475535,0.6068563343507962,0.0,0.9431552367327137,0.581710005927016,0.35433463486012184,0.8084287123401969,0.2969004600641032,0.6672289945529787,0.15502347371716518,0.014549783842389141
0.2889264451256818,0.38895354913308544,0.6456968629517803,0.19233598162483,0.6518023188798164,0.46805620021224004,0.17157625233345986,0.57950408951261,0.16758381310300896,0.5715444151956841,0.040199803496778985,0.05174060101076028,0.8168861790083314,0.2825469192320057,0.8203735021616905,0.9081077143138453,0.5740850785138261,0.9107068774991295,0.6948345586557412,0.061457680940455006,0.30905178043393855,0.08618142099488924,0.9252320504126945,0.3014912699887351,0.7753029779170506,0.365079658856745,0.9361600674025973,0.4367857177390416,0.971527079802547,0.8409981181999083,0.6652384991387732,0.800110225236597,0.865677530992384,0.866374216703033,0.5708926689357087,0.4074488532840531,0.14423911516529975,0.1480694754479157,0.02656028830319679,0.5468016003279108,0.7485591092817807,0.9431552367327137,0.0,0.7791384286366339,0.8338029859673075,0.3130209731481973,0.6361445092092897,0.5583883107318776,0.24297337033842337,0.01841893384449733
0.6605331068745995,0.7292345799766057,0.08781967208852948,0.19191509310370924,0.8831222951431309,0.2472513391239256,0.46781536809477997,0.01851034403156493,0.7551596683702395,0.5997985054426197,0.767486130220554,0.48270882599030374,0.23756548684339474,0.5571264565781232,0.6412052864402852,0.12016027948919983,0.5963042985575804,0.1355978324065188,0.7651353213553193,0.6080429754953609,0.061658018673968806,0.22004478139049077,0.7716230419195468,0.5190540516433229,0.32540534964926804,0.3476267471933209,0.3748843435334607,0.6229247297984378,0.6830667599827627,0.8340325957487763,0.48502530421875745,0.40152276678423127,0.37474036663248234,0.4997540449333858,0.6881923720491671,0.1608454875072014,0.4987753075640544,0.05486799617882521,0.03833367815831612,0.6105119788912838,0.8692986190086905,0.581710005927016,0.7791384286366339,0.0,0.16785360061233212,0.764402866581479,0.7549542915724902,0.1729756118893967,0.966138471456441,0.7302700360533828
0.5456357806732441,0.43199946936308475,0.7105271694701136,0.27297277538602394,0.16336871249547047,0.475568134822284,0.49531380455802787,0.9355694088320279,0.7838165620991435,0.26014824349899435,0.45936919856216996,0.028613653747902035,0.9868102268462019,0.7561515295500291,0.1126587378987981,0.44050062102664844,0.225300471987127,0.8575108491973032,0.2625062060264679,0.30400162285574217,0.7673274942896195,0.42171095812181136,0.40818689120579055,0.5535351197122999,0.7495652234175326,0.8023285035532911,0.4773691093566922,0.9676862462902673,0.08490810762417078,0.6472631685469136,0.7917572022312185,0.5812252641994414,0.04652401106719384,0.3988917942750535,0.8053379721870195,0.23135061247022237,0.061985314827947224,0.6010473312220926,0.38236281713692033,0.6893127112062027,0.6909727758498404,0.35433463486012184,0.8338029859673075,0.16785360061233212,0.0,0.7049985615637675,0.6419516859245289,0.6853781887019431,0.46206492982376046,0.7920279908398705
0.11813364675303628,0.7208559165940245,0.7030520196474594,0.27102972970375616,0.23927348628902834,0.09269899863892062,0.7668239595725569,0.7298740471943715,0.10024080034553573,0.7290160239668052,0.25723450087677235,0.6070882119037271,0.7952601320766407,0.25700660189459645,0.3703923240813024,0.5993336120492608,0.8915569718634918,0.46640304612545325,0.5069638335178054,0.11811075480062327,0.49793909758212995,0.018275844720898382,0.43444314981596066,0.9915666598844272,0.21846583379410112,0.6381940238335269,0.8347056301056515,0.3107669268800185,0.7916306043222262,0.817233189842269,0.5850623678192046,0.9823521438908552,0.5749169035083005,0.31792937401494337,0.22671147356296617,0.15920957048262563,0.25950469027283385,0.19953570278619814,0.26431888273763393,0.0057081907387276365,0.5300272774746315,0.8084287123401969,0.3130209731481973,0.764402866581479,0.7049985615637675,0.0,0.3027829793217287,0.7869454761819545,0.5579720710319221,0.8845983127604634
0.15217924987133125,0.1544867568739947,0.20766104824544673,0.6042829447971038,0.8104543698909188,0.1237424217883224,0.9343394356794384,0.8775080139809069,0.4871421500259231,0.7018884909640309,0.41480958555692937,0.35515537279851805,0.5318902590580911,0.41347863861867706,0.28715867260481487,0.006443383511414047,0.20435554952538693,0.4845628704758722,0.5544875868206065,0.3231276324258433,0.5646276592953784,0.24514537317997986,0.038727138361213664,0.9014062905777876,0.9882431896220879,0.31293830220868557,0.3162991132241171,0.539309261071726,0.49141212664287603,0.07162857818577506,0.1473554343624086,0.023192462398343827,0.45148997023174964,0.9628523166023186,0.011998651008604866,0.7303544915782829,0.1635638838462551,0.13078056938769955,0.09868035300010303,0.31657414368144954,0.015226538712487803,0.2969004600641032,0.6361445092092897,0.7549542915724902,0.6419516859245289,0.3027829793217287,0.0,0.7423075266593486,0.2553988433760158,0.20732202871559968
0.5848405214162096,0.3792781395558519,0.8779684633519432,0.1644664129744664,0.9663168127884033,0.6201695594250874,0.3376117592990119,0.22567902222725578,0.37718037490777334,0.9196507576772488,0.7559418416576817,0.2908401518812872,0.9388000398082202,0.3730324569775004,0.2736382919874606,0.8234065204499884,0.5385827298970979,0.3818094921170222,0.12136439767907004,0.8092833406371567,0.2584279233773714,0.9395971073877064,0.16182166630208095,0.9561844420293734,0.14671545247558437,0.8675719895230584,0.287873701427239,0.8191822859356395,0.9419005833075621,0.4364998244581073,0.7325181861686604,0.7566871965593415,0.06357232355144404,0.19548640167190734,0.46342027368009764,0.4221838603359235,0.6529575966619898,0.7096076039874295,0.2047480632043568,0.6090377588511555,0.4979335174386731,0.6672289945529787,0.5583883107318776,0.1729756118893967,0.6853781887019431,0.7869454761819545,0.7423075266593486,0.0,0.3849728132386827,0.1894261010276943
0.8588090565614112,0.38239730081215917,0.14755129330362216,0.6572247835746459,0.15316889025315383,0.922139682738959,0.3246376425152909,0.31581330038889543,0.7010027612981755,0.046761960114631296,0.6880229267102435,0.6746334418137279,0.766585326912171,0.22943871588843268,0.7584109306413502,0.5423589746979386,0.5987534038834103,0.6167067983278004,0.7352321006543827,0.39467664193700136,0.2594859319900248,0.13000861433875532,0.4736501917995457,0.4935881018912103,0.9985861862367044,0.017978446715644858,0.9574871782760298,0.2736309041205237,0.23904039728165938,0.23456210680033585,0.8245721147442611,0.5482571768997689,0.010248198957344412,0.5431144923127186,0.0732264205936557,0.6158617385984816,0.4271992444183006,0.8595755757392903,0.3757629947727632,0.4343289831455326,0.7221055357901938,0.15502347371716518,0.24297337033842337,0.966138471456441,0.46206492982376046,0.5579720710319221,0.2553988433760158,0.3849728132386827,0.0,0.8935569222184155
0.30290781543218626,0.09662811259539805,0.3405614024824156,0.3992607457768246,0.10120275816082236,0.2872815584125026,0.7432245011274223,0.6004177249685049,0.7311697478717073,0.7516192219626703,0.75586285631978,0.6724695642617272,0.6627032643684492,0.8743584257506206,0.2688119524894125,0.13508860763864383,0.5658333637959486,0.6271642757426729,0.5773578067509213,0.08312518068712571,0.5567928468841054,0.782402420871733,0.9759068038840407,0.20806585716503323,0.9131859928345807,0.9173417026908545,0.7398803848283826,0.615046912198804,0.3623049628485533,0.20085823333744413,0.3031747988125659,0.48442706235479016,0.5326319549584996,0.9546816062298117,0.7247338710625765,0.7785063204954851,0.2995058733693753,0.9471576136892879,0.755056195085247,0.6701637551068668,0.008732823705122406,0.014549783842389141,0.01841893384449733,0.7302700360533828,0.7920279908398705,0.8845983127604634,0.20732202871559968,0.1894261010276943,0.8935569222184155,0.0

0.0,0.023156987967311138,0.0627988969901544,0.9859594496922026,0.993123240223113,0.5873175081394485,0.8610913159571506,0.35701568450860466,0.833386908673009,0.013937419298305942,0.765900455463731,0.6287860325217048,0.03591048128150376,0.9537220675229506,0.849433062854797,0.1430302662181696,0.7144388066392979,0.7682957096936465,0.27181089706251493,0.4549569743499884,0.9254391027227459,0.0883728147520354,0.5522353491277759,0.9010246269473657,0.5859218000814926,0.19830675884074678,0.5820981747318325,0.9673508391428076,0.9821442303696681,0.447421056335531,0.854093811781051,0.6442913876431234,0.01881167188204169,0.6707073212862854,0.8151261437105389,0.29172866735320135,0.7815250374245312,0.9695461725679074,0.9023332491293831,0.6970491691618241,0.35903188524631713,0.7526598288682996,0.8000633364605685,0.566957947479772,0.8160607948073298,0.3664666161777098,0.2413684076841539,0.5954133747040022,0.7172579902425364,0.02182545104888245
0.023156987967311138,0.0,0.7267383990388049,0.4224166403384484,0.4166246532461194,0.14635407390754607,0.605065077166198,0.024034948499367492,0.7834680375078881,0.5778553711024651,0.5049937787427943,0.294167962317994,0.6718533947870654,0.7536875836345569,0.0565743135917961,0.9259555204549303,0.7894374106101163,0.672770407418597,0.9356267918717537,0.8655173138217651,0.8146718314224844,0.038843663688949426,0.3559098563527062,0.8428616027906765,0.9108838700420412,0.1816219266953798,0.4466253341287826,0.4666198044964658,0.8474267999431565,0.869131329823996,0.5631014890397597,0.36679572741116195,0.08689599330896969,0.5513369171937497,0.7888117893633111,0.9581087989286787,0.18261678751449906,0.8094440576954969,0.32684370892954506,0.5698590395151322,0.8086316704220221,0.990546862131534,0.0456655583978226,0.6016848522733323,0.5885477906881338,0.7352155635238163,0.43400497657190806,0.9973312955915709,0.8062004113465421,0.7619556584619832
0.0627988969901544,0.7267383990388049,0.0,0.4210719774577645,0.8058825161223646,0.6294539530975658,0.8123070402700306,0.28739576202674333,0.6915463673482887,0.27927456236745984,0.7324685260182379,0.8082858677525694,0.2678520636370558,0.5058158999085892,0.41461141709291116,0.5922787929420057,0.5853000866943529,0.39407047039014054,0.7678443662895557,0.026041780484742483,0.9918895583260906,0.9048272294193419,0.43621309540332076,0.8994062670415733,0.2819452227018203,0.31074368903224625,0.7928875359418951,0.5571674790544068,0.6650566385495646,0.4605115074585927,0.9649861656754093,0.6072832459870935,0.7841722030278281,0.21773556022684404,0.6336048607130813,0.9128750997630579,0.8220759480023934,0.0508668358937342,0.8796399741486712,0.05619041056132379,0.006442122350259538,0.20159660914544286,0.09863494387132621,0.41858328753261087,0.7287867397969854,0.4563562351177297,0.8831946843628472,0.45597225531296215,0.8236407672646635,0.273194522098954
0.9859594496922026,0.4224166403384484,0.4210719774577645,0.0,0.050083461190783995,0.29920115592805596,0.5850091227905353,0.7852784112952763,0.542421609666352,0.9687091047042103,0.006497469003399314,0.7470649326263116,0.008770176287038467,0.4980307847425699,0.32177259728295904,0.6387145384809594,0.7875240740234917,0.9520312675167987,0.7189615548855584,0.17390527952783796,0.7996213698493979,0.8020006977932175,0.6874657450695609,0.15707778428968133,0.13245368416321912,0.7981422478033215,0.5347616347579923,0.4704878082576456,0.7299501127416299,0.4558918501006338,0.1793079922874926,0.8832335072431485,0.6329219420439703,0.924212857068877,0.5200610144361576,0.2830393275310137,0.09254175097359674,0.7833728979302281,0.17673687219972045,0.7271496542176479,0.4944843999517089,0.3909162680099988,0.6688789132222477,0.6681317514399685,0.06491728735673863,0.6849108301497834,0.6879559189587253,0.5025693500992895,0.14358708651636276,0.21430944894042336
0.993123240223113,0.4166246532461194,0.8058825161223646,0.050083461190783995,0.0,0.055140844465835226,0.45317876231292,0.2225796799184856,0.45235738426625827,0.8662142541294248,0.3390624778931036,0.5461372794219291,0.2305424761712942,0.8376707635532546,0.3906544288329157,0.6150756849855527,0.4941339421156762,0.8163160794982826,0.28244500896118563,0.8286066932381397,0.9794515782292587,0.2608141792119518,0.9204297689976197,0.19504613971278473,0.36874670928788045,0.7777891148659742,0.6992846714927106,0.9311473998217031,0.08098339997804382,0.010258681850169316,0.0432444625574252,0.8261092829864601,0.49454243556569355,0.8548978011064599,0.7628064629801127,0.3529219658264421,0.7247584157218385,0.6664996867456349,0.3224286211598152,0.30009779081404375,0.7805628950628369,0.471063119794086,0.09408993167387525,0.6476597908943481,0.6112027310284965,0.07487848329502234,0.38846656030486626,0.013302780912986867,0.8677948840094617,0.48960615185903666
0.5873175081394485,0.14635407390754607,0.6294539530975658,0.29920115592805596,0.055140844465835226,0.0,0.8277201472049817,0.8461480711653071,0.3037912234407575,0.16894708953358817,0.017349991727351743,0.5468728629005436,0.031540928404661606,0.5090703258496285,0.32554446360868483,0.831407596577989,0.5052005032473618,0.07494146258705425,0.5597659964616466,0.8580623616144888,0.6023691427810764,0.7358299005162878,0.6293097174596172,0.606359858606101,0.24614172293892433,0.5412151690785137,0.04220173935837657,0.8200541873053144,0.17282788842844188,0.2545545293816006,0.623761464204368,0.4343528293266715,0.6224664941361959,0.3955954353392316,0.5858127909615655,0.4343678885646275,0.8648920016903274,0.0253932098537496,0.48976634243382866,0.6702104418816889,0.09593587187229036,0.8797574197499115,0.08976050066430963,0.2229586354659432,0.9845210927476249,0.0397881175347492,0.8142918115330537,0.9608155120203219,0.6769452131128886,0.6210129136971241
0.8610913159571506,0.605065077166198,0.8123070402700306,0.5850091227905353,0.45317876231292,0.8277201472049817,0.0,0.21547543187134577,0.5254753212784712,0.5033937889177723,0.7850671973898722,0.0017660307849179935,0.65379370830579,0.1313886377716822,0.4858652010951401,0.0011467637251435514,0.3673125193190826,0.5842007400554902,0.9719525275877366,0.4478178806286408,0.6857905824846857,0.6763771813774981,0.15604104718208966,0.5218848614252771,0.5248286555470192,0.9347288582370578,0.025729775554843126,0.02214214147238114,0.8045971827106883,0.8045592602896241,0.9655391680317508,0.6873247171813521,0.7507001361122877,0.30035590943757096,0.732463572689417,0.008575502048851269,0.2055204806039279,0.3557804495008682,0.787581496446793,0.5132329394256651,0.13350322267947856,0.3985713691164541,0.1327957999676691,0.650961434441603,0.34235185837754867,0.7749170457987513,0.8787360932663543,0.8207958852503402,0.8106276184177741,0.5524690605388931
0.35701568450860466,0.024034948499367492,0.28739576202674333,0.7852784112952763,0.2225796799184856,0.8461480711653071,0.21547543187134577,0.0,0.5679134946791297,0.14554882812391268,0.1948802893706556,0.5556743673747141,0.534741010421686,0.38971910861359205,0.01282134754126285,0.0076949386888046645,0.4762353878724833,0.04418426661511543,0.5633092323945169,0.5394338763487234,0.7747952680412002,0.9011491877183534,0.7763998320512835,0.8359010859448758,0.6815278449370897,0.23932644232584077,0.7331771945704679,0.8672254134292114,0.8037590025616389,0.6001571713463775,0.5276868907658515,0.8164054109309687,0.9411613885655553,0.6114672549062659,0.6891386740553812,0.36055970808090265,0.5452259516949958,0.9285108446826914,0.5781004117369106,0.9932649001799213,0.129263391113972,0.2677018870159502,0.11259400184665835,0.25136018257996773,0.6247384278467184,0.06589841953644537,0.35681402733742884,0.2225624846959714,0.6489545058459826,0.5434998903183288
0.833386908673009,0.7834680375078881,0.6915463673482887,0.542421609666352,0.45235738426625827,0.3037912234407575,0.5254753212784712,0.5679134946791297,0.0,0.6499142015940141,0.10982894455574121,0.15521898718152505,0.21620928601144374,0.49635587653853275,0.2505966287957294,0.19669831024457451,0.30843021425082906,0.48979848165049134,0.7485653952244526,0.08628990757845134,0.43892175596392236,0.8259986845715769,0.020212866166348764,0.4605165792232948,0.3793771190891192,0.7949448807276229,0.19789673509409944,0.6798166505387643,0.6905211020803302,0.9310817483931091,0.18521513363112763,0.9301142702931888,0.043717053389785265,0.35009847104531777,0.028390012137365472,0.9000767179508524,0.10670616141670441,0.0069619695790354985,0.09377421806317066,0.639464133100851,0.1757540212378097,0.9998449946258238,0.6050895521530281,0.36196981062029887,0.3222272700541212,0.6833701371269431,0.06231831663945209,0.12239964835275141,0.2580224777220689,0.8914823866254615
0.013937419298305942,0.5778553711024651,0.27927456236745984,0.9687091047042103,0.8662142541294248,0.16894708953358817,0.5033937889177723,0.14554882812391268,0.6499142015940141,0.0,0.33865740972950764,0.12757138447100214,0.2042224909923075,0.8024776902734444,0.7152501754784237,0.06258926150946442,0.8456144537615299,0.6156899732146267,0.5581126585553204,0.681755701404324,0.9175112874696889,0.1388982823519921,0.2647924263355842,0.7693257480977682,0.8939982107634845,0.6803759757588161,0.891308981890904,0.19412315901164157,0.3938392047401936,0.17587274824575672,0.17433565001914042,0.147613281740133,0.3290323972953558,0.33371542140243826,0.5363445277364676,0.770067725369293,0.14328294502105587,0.9175918656697097,0.4996208583875197,0.23512009028687098,0.5031201828987485,0.005445110048200585,0.7502166708974769,0.628177139694819,0.6956589115946592,0.26623590992658475,0.8391112114346593,0.14329858810781293,0.9706425762491354,0.577414966236221
0.765900455463731,0.5049937787427943,0.7324685260182379,0.006497469003399314,0.3390624778931036,0.017349991727351743,0.7850671973898722,0.1948802893706556,0.10982894455574121,0.33865740972950764,0.0,0.6283369123137879,0.9034601554507076,0.7676668789365942,0.3350285320703339,0.8918601778257172,0.8209932942752887,0.10057566120546779,0.9134512918446073,0.3912618289249239,0.23965653374118734,0.3939071486350073,0.567920955275292,0.23417084671955668,0.7094341610812321,0.18843602646234237,0.6864741859589408,0.2696303149503976,0.9433630588726657,0.2451637374927207,0.8905776114861713,0.586656907771527,0.03913719520465353,0.26862251683061633,0.6891713440992354,0.013378580708998222,0.6334633881656125,0.5035447383088134,0.7674884739218328,0.1394859564378781,0.2528136271513751,0.0908261421315999,0.8440326578984179,0.008647763010639853,0.10011269250219135,0.4882447876687489,0.9850267173177699,0.10033527392906538,0.2595563568014826,0.05779790659215367
0.6287860325217048,0.294167962317994,0.8082858677525694,0.7470649326263116,0.5461372794219291,0.5468728629005436,0.0017660307849179935,0.5556743673747141,0.15521898718152505,0.12757138447100214,0.6283369123137879,0.0,0.21399166096075806,0.4410599762776485,0.17739248366535176,0.2066307482960933,0.280459455282017,0.517757727268699,0.7788935656837217,0.7633072922781371,0.4307908276583863,0.5988617075071782,0.07351728950776004,0.17069615297090612,0.046207103622610046,0.18860807994362616,0.03113534722816569,0.2242673803485793,0.9823573945162005,0.9922156176550174,0.035580487101743774,0.7684784037986978,0.24106437462959263,0.38798229470904744,0.13543924905988514,0.5247704482681497,0.7805051793353349,0.42062914981536714,0.9327408454915957,0.18641223639393634,0.44094145334252455,0.9989047627697297,0.21785953113987178,0.4988294929415037,0.9567606458822763,0.3196986433650798,0.3528588786089698,0.10942318657695449,0.8592475832074465,0.42880079839909624
0.03591048128150376,0.6718533947870654,0.2678520636370558,0.008770176287038467,0.2305424761712942,0.031540928404661606,0.65379370830579,0.534741010421686,0.21620928601144374,0.2042224909923075,0.9034601554507076,0.21399166096075806,0.0,0.4572385486786912,0.2538476689645889,0.7604883376211046,0.36063229370414207,0.6236015510629509,0.36719969010609443,0.046097646482712196,0.9693306229663514,0.7585184356851427,0.5722790216445686,0.7629089700041236,0.7441379479255821,0.8617452943758215,0.6348010693340815,0.1252620819772562,0.3358645950537028,0.8347208978072757,0.7008844222214972,0.9736071245205075,0.5250520351049773,0.5048432490623399,0.7683879235892459,0.7361290666940965,0.4127648360943488,0.708194805289824,0.7339313238704043,0.860118468714097,0.2582132827029394,0.6814231809436021,0.7341578692710287,0.8568385443052338,0.25940062623953597,0.5051833992621161,0.6664143156006253,0.9247634149889787,0.7626216246915536,0.4653101838919146
0.9537220675229506,0.7536875836345569,0.5058158999085892,0.4980307847425699,0.8376707635532546,0.5090703258496285,0.1313886377716822,0.38971910861359205,0.49635587653853275,0.8024776902734444,0.7676668789365942,0.4410599762776485,0.4572385486786912,0.0,0.7565572953672494,0.7750997012950391,0.6434398816900202,0.7095425020400726,0.22588059018763507,0.2260887932980814,0.5014392730480226,0.438628931578919,0.6939518545766095,0.9955582258387156,0.46057661760158763,0.8707945555175426,0.9037492039221497,0.8858163683674126,0.9880786253818609,0.35596070148909664,0.4109948429086616,0.9252209190733607,0.8368612196365066,0.017333095621844707,0.5303654279360778,0.9292238706530062,0.48862122658529006,0.09652278218979271,0.8320615982529523,0.7760763594364662,0.46587805582607744,0.12181402174493228,0.8207196694135693,0.4930559329332985,0.9290095656853316,0.6807418782095559,0.004966802853389907,0.12404004252318523,0.7124551594954566,0.3153437365171844
0.849433062854797,0.0565743135917961,0.41461141709291116,0.32177259728295904,0.3906544288329157,0.32554446360868483,0.4858652010951401,0.01282134754126285,0.2505966287957294,0.7152501754784237,0.3350285320703339,0.17739248366535176,0.2538476689645889,0.7565572953672494,0.0,0.43405224766290396,0.5143849630867602,0.5262935151550826,0.033242968106546256,0.7590903614330137,0.5908208670288524,0.1855905284709941,0.6982545669206583,0.43461845691682144,0.2759028800196308,0.8422176723782909,0.22103696064946166,0.1539773901967436,0.6245590681152853,0.2987171761388243,0.7310640982324054,0.9017673713019788,0.6217074591327364,0.5914671967609609,0.44877737264178974,0.3673683092850908,0.3097879856187492,0.862980155677098,0.4389837612961388,0.9972838195924799,0.8234836812254069,0.2145818032252621,0.5313545512356477,0.6296148658291812,0.6477861031704772,0.6354681503085825,0.5137302753563502,0.688492342159802,0.4619180241614297,0.36667395264369773
0.1430302662181696,0.9259555204549303,0.5922787929420057,0.6387145384809594,0.6150756849855527,0.831407596577989,0.0011467637251435514,0.0076949386888046645,0.19669831024457451,0.06258926150946442,0.8918601778257172,0.2066307482960933,0.7604883376211046,0.7750997012950391,0.43405224766290396,0.0,0.719696344127509,0.170539939372227,0.9786936737060413,0.1385657041873568,0.29910135859413545,0.42185291696382754,0.5474536308390681,0.6577731473637791,0.7073057211838111,0.3513830253223751,0.654054864419274,0.651578566637916,0.6823945257894092,0.483297934188737,0.7361812011316778,0.288540323202088,0.034413042240739156,0.7390976411155933,0.5078361827127557,0.9040169727036608,0.7890165039016338,0.0660919815480504,0.3276359641684429,0.746723524564885,0.9947883084038468,0.013928087005299905,0.8610512378593872,0.034536814160589846,0.830079570047914,0.9396683563950402,0.5079045505334249,0.8870029067718603,0.5273783603993573,0.07688581824685381
0.7144388066392979,0.7894374106101163,0.5853000866943529,0.7875240740234917,0.4941339421156762,0.5052005032473618,0.3673125193190826,0.4762353878724833,0.30843021425082906,0.8456144537615299,0.8209932942752887,0.280459455282017,0.36063229370414207,0.6434398816900202,0.5143849630867602,0.719696344127509,0.0,0.36066817064060896,0.988031405031191,0.35267757462068694,0.5565911505688091,0.20289257779717296,0.8646444855467115,0.37689949443148274,0.9356331947005125,0.7768685296643233,0.7394637151845919,0.31714432875415643,0.1196348519778857,0.4647329569061712,0.4119066038710639,0.38547519841028643,0.8460995571234123,0.3090038349403289,0.9600410272364189,0.31657755055157333,0.7559110659854815,0.045732563422691164,0.2800226652683324,0.6211054175728655,0.523707361623484,0.632653281084423,0.34888432013928783,0.056259171822760856,0.026633081580906492,0.6611062630454071,0.22809692299549655,0.2533761238950156,0.24095543570287714,0.896934244499301
0.7682957096936465,0.672770407418597,0.39407047039014054,0.9520312675167987,0.8163160794982826,0.07494146258705425,0.5842007400554902,0.04418426661511543,0.48979848165049134,0.6156899732146267,0.10057566120546779,0.517757727268699,0.6236015510629509,0.7095425020400726,0.5262935151550826,0.170539939372227,0.36066817064060896,0.0,0.7364527216846427,0.13728479192329168,0.5234276928025102,0.5527906412152378,0.9382986596834185,0.08059432460415628,0.7396850896084537,0.8711541054181483,0.7154036463228124,0.7635514436936431,0.489318244446314,0.3260202806012954,0.0051739570861232265,0.870143805676729,0.6149043688298788,0.668801824183531,0.2964139701207278,0.5483355677776176,0.6090747345053208,0.5223259686686784,0.6536003462724762,0.3738431501315247,0.19469423472051772,0.8159650253760502,0.6259103227329968,0.870234625504904,0.287486962709279,0.6790021846533427,0.866100785206225,0.8422479775398267,0.2548657479608676,0.5683015036473729
0.27181089706251493,0.9356267918717537,0.7678443662895557,0.7189615548855584,0.28244500896118563,0.5597659964616466,0.9719525275877366,0.5633092323945169,0.7485653952244526,0.5581126585553204,0.9134512918446073,0.7788935656837217,0.36719969010609443,0.22588059018763507,0.033242968106546256,0.9786936737060413,0.988031405031191,0.7364527216846427,0.0,0.7821240900030121,0.38714476837070455,0.7965679965764328,0.45213946441019326,0.8302095550261644,0.30356314644866844,0.38351458339321465,0.6061563074071528,0.1728282389448662,0.9456366916501252,0.4887877513759622,0.696101613087918,0.41387255990861704,0.1737438774496496,0.8166190046180513,0.875454775420027,0.7757241854295964,0.3461094863795001,0.5405341238569181,0.024399158966157075,0.7424982450724633,0.003945314262497002,0.17791827101961122,0.5082184655476245,0.9792441469107296,0.4805745112225589,0.6615250821733633,0.2650106305225238,0.8918429843952782,0.4510379137980034,0.9182213824166122
0.4549569743499884,0.8655173138217651,0.026041780484742483,0.17390527952783796,0.8286066932381397,0.8580623616144888,0.4478178806286408,0.5394338763487234,0.08628990757845134,0.681755701404324,0.3912618289249239,0.7633072922781371,0.046097646482712196,0.2260887932980814,0.7590903614330137,0.1385657041873568,0.35267757462068694,0.13728479192329168,0.7821240900030121,0.0,0.03824532180517426,0.9211038869000564,0.19276051602517763,0.6674158239480174,0.807125033551986,0.8885729151004157,0.559927980861201,0.8686273815977634,0.32681484661172444,0.913683624900284,0.18796482853619467,0.6257044219454004,0.41726636028870867,0.13247402530768337,0.7789312602801983,0.17947354871309917,0.854770821328246,0.4655751061818232,0.6507053652148055,0.9150169477338468,0.756610203535296,0.795217303934611,0.5068270808941823,0.552577542167398,0.7063651554610455,0.8911402030936221,0.45972470762075224,0.21140755118768506,0.7433546843430479,0.9979858424562837
0.9254391027227459,0.8146718314224844,0.9918895583260906,0.7996213698493979,0.9794515782292587,0.6023691427810764,0.6857905824846857,0.7747952680412002,0.43892175596392236,0.9175112874696889,0.23965653374118734,0.4307908276583863,0.9693306229663514,0.5014392730480226,0.5908208670288524,0.29910135859413545,0.5565911505688091,0.5234276928025102,0.38714476837070455,0.03824532180517426,0.0,0.9790086386269788,0.03303385527559477,0.11850719385336694,0.4821388915180158,0.6153903175379849,0.9770989013068844,0.0032810721159240996,0.010718629483042363,0.0281056270621588,0.4218372722310203,0.37705365463310636,0.6324715172958532,0.11233441021012858,0.7905883161668599,0.31985726852644303,0.20339770400116208,0.36288131790914013,0.1821816372606384,0.21418419096097852,0.9621948904921563,0.5482654650001257,0.3737265191237934,0.20972298735732608,0.44116686772806535,0.6978236546826408,0.6921759256717754,0.5537487096392784,0.9240467429416009,0.4945638707853105
0.0883728147520354,0.038843663688949426,0.9048272294193419,0.8020006977932175,0.2608141792119518,0.7358299005162878,0.6763771813774981,0.9011491877183534,0.8259986845715769,0.1388982823519921,0.3939071486350073,0.5988617075071782,0.7585184356851427,0.438628931578919,0.1855905284709941,0.42185291696382754,0.20289257779717296,0.5527906412152378,0.7965679965764328,0.9211038869000564,0.9790086386269788,0.0,0.07399200880482393,0.5707476829526015,0.6612605721837032,0.18175088664063843,0.3040229060439126,0.11115115345400983,0.6621767610009568,0.7070300067152697,0.33457684233869733,0.6010092802721295,0.751544442055571,0.38482234595805187,0.33816802909314625,0.35898878366110076,0.5447356458525842,0.8943395579345903,0.9464476493868267,0.9616396162988062,0.9006503317651507,0.8402773460792226,0.8964092537238294,0.4254420524347874,0.5933838092743985,0.4007158624749362,0.728758261965382,0.15865792358160724,0.004697754864387393,0.42044386341316464
0.5522353491277759,0.3559098563527062,0.43621309540332076,0.6874657450695609,0.9204297689976197,0.6293097174596172,0.15604104718208966,0.7763998320512835,0.020212866166348764,0.2647924263355842,0.567920955275292,0.07351728950776004,0.5722790216445686,0.6939518545766095,0.6982545669206583,0.5474536308390681,0.8646444855467115,0.9382986596834185,0.45213946441019326,0.19276051602517763,0.03303385527559477,0.07399200880482393,0.0,0.6214947865796149,0.5693982884984153,0.9251018511221791,0.7919114020258388,0.7434280681779123,0.6815749114254243,0.3164465943017647,0.5854098004101214,0.8766684915302339,0.013369207505398939,0.1996765899213908,0.05392916546789284,0.19756498939968814,0.6923237746258964,0.9975816659480399,0.3844009569360013,0.3230547705223914,0.6066176982725201,0.7694204262528629,0.8626475062546134,0.5830031389395579,0.7551177192752064,0.8224636273089191,0.9479886866150159,0.4823117199082041,0.4988194354513569,0.7841017688775547
0.9010246269473657,0.8428616027906765,0.8994062670415733,0.15707778428968133,0.19504613971278473,0.606359858606101,0.5218848614252771,0.8359010859448758,0.4605165792232948,0.7693257480977682,0.23417084671955668,0.17069615297090612,0.7629089700041236,0.9955582258387156,0.43461845691682144,0.6577731473637791,0.37689949443148274,0.08059432460415628,0.8302095550261644,0.6674158239480174,0.11850719385336694,0.5707476829526015,0.6214947865796149,0.0,0.3466983164731344,0.8281382025580051,0.654081683631287,0.4168092084173006,0.5796760064780682,0.13224328799447205,0.06898108203775077,0.20690630026232126,0.04205520788307748,0.529379918839812,0.7322608532054857,0.6201470522308437,0.3272294723822331,0.7959052400938667,0.7266184440361813,0.5224800829462842,0.33837317694897373,0.19957373155026803,0.026650822258778017,0.6662845272997553,0.6723352631807619,0.3814003250101259,0.9500268674087021,0.40516449474460914,0.17588518948378362,0.1483987077770137
0.5859218000814926,0.9108838700420412,0.2819452227018203,0.13245368416321912,0.36874670928788045,0.24614172293892433,0.5248286555470192,0.6815278449370897,0.3793771190891192,0.8939982107634845,0.7094341610812321,0.046207103622610046,0.7441379479255821,0.46057661760158763,0.2759028800196308,0.7073057211838111,0.9356331947005125,0.7396850896084537,0.30356314644866844,0.807125033551986,0.4821388915180158,0.6612605721837032,0.5693982884984153,0.3466983164731344,0.0,0.5453711726101362,0.4761453981256235,0.1998240554649252,0.8654771953103719,0.03756201190824948,0.28758258633390843,0.42468958181562955,0.666547727077834,0.7712785326711248,0.6724547933023766,0.04570900085498464,0.9193286393115058,0.8489720477718234,0.9842250540026208,0.5919438933793674,0.12105294921835574,0.84683656451753,0.4828415666106556,0.194747881532912,0.6112099793232075,0.5913223821217204,0.3058976366949899,0.952495322574645,0.07956404094871738,0.8152252216053909
0.19830675884074678,0.1816219266953798,0.31074368903224625,0.7981422478033215,0.7777891148659742,0.5412151690785137,0.9347288582370578,0.23932644232584077,0.7949448807276229,0.6803759757588161,0.18843602646234237,0.18860807994362616,0.8617452943758215,0.8707945555175426,0.8422176723782909,0.3513830253223751,0.7768685296643233,0.8711541054181483,0.38351458339321465,0.8885729151004157,0.6153903175379849,0.18175088664063843,0.9251018511221791,0.8281382025580051,0.5453711726101362,0.0,0.11149839175911758,0.034027753876641365,0.4249301540130047,0.9666259493474435,0.9165696891251744,0.7215018241821731,0.692090098035682,0.26819777988834304,0.13263510766282827,0.5008215088150363,0.5932948221350621,0.5478148569133671,0.6261041116526027,0.18698059754635443,0.6540462881729863,0.9671071055146653,0.45883476109371346,0.9279471197562352,0.08681897875860789,0.3783548372066855,0.5752738490195922,0.30653571324945317,0.3830660252175817,0.2946382413869387
0.5820981747318325,0.4466253341287826,0.7928875359418951,0.5347616347579923,0.6992846714927106,0.04220173935837657,0.025729775554843126,0.7331771945704679,0.19789673509409944,0.891308981890904,0.6864741859589408,0.03113534722816569,0.6348010693340815,0.9037492039221497,0.22103696064946166,0.654054864419274,0.7394637151845919,0.7154036463228124,0.6061563074071528,0.559927980861201,0.9770989013068844,0.3040229060439126,0.7919114020258388,0.654081683631287,0.4761453981256235,0.11149839175911758,0.0,0.27180744747460783,0.30241063050983863,0.6465495778585,0.11989450264291501,0.9906195917364939,0.7567886481308636,0.12377579721688925,0.17916818917088728,0.20289244089187508,0.36999007599643596,0.6430443105624138,0.45473204539974965,0.4879103361972287,0.8737204727485387,0.3691267157296214,0.9759108686717075,0.07708879550932324,0.35319581484974016,0.3753066025948152,0.9182947641275475,0.2503177131284843,0.4619149595518919,0.13103803504776412
0.9673508391428076,0.4666198044964658,0.5571674790544068,0.4704878082576456,0.9311473998217031,0.8200541873053144,0.02214214147238114,0.8672254134292114,0.6798166505387643,0.19412315901164157,0.2696303149503976,0.2242673803485793,0.1252620819772562,0.8858163683674126,0.1539773901967436,0.651578566637916,0.31714432875415643,0.7635514436936431,0.1728282389448662,0.8686273815977634,0.0032810721159240996,0.11115115345400983,0.7434280681779123,0.4168092084173006,0.1998240554649252,0.034027753876641365,0.27180744747460783,0.0,0.09829139502365569,0.21838563290379365,0.5630468967390552,0.896410928704736,0.1384639466825942,0.08913912952953718,0.7384667993140683,0.010251803654348524,0.38018931678708257,0.18837372236791106,0.8834387611721309,0.9292881840159397,0.2141155378724433,0.6876134419225636,0.7564277469644894,0.29769663187284345,0.9259390751926242,0.6984783386899945,0.7000015673641735,0.052777275972593074,0.2905832273333052,0.2931730430019137
0.9821442303696681,0.8474267999431565,0.6650566385495646,0.7299501127416299,0.08098339997804382,0.17282788842844188,0.8045971827106883,0.8037590025616389,0.6905211020803302,0.3938392047401936,0.9433630588726657,0.9823573945162005,0.3358645950537028,0.9880786253818609,0.6245590681152853,0.6823945257894092,0.1196348519778857,0.489318244446314,0.9456366916501252,0.32681484661172444,0.010718629483042363,0.6621767610009568,0.6815749114254243,0.5796760064780682,0.8654771953103719,0.4249301540130047,0.30241063050983863,0.09829139502365569,0.0,0.9600951981823534,0.7380068897399306,0.9359134289838681,0.44035234192505646,0.6395934604209057,0.5540987048358975,0.7264614054686488,0.4130889673254713,0.234105522975667,0.7210873478305376,0.722314816097577,0.25838234722521336,0.2887668006446854,0.6877318347303195,0.4452993670900217,0.6921247014437805,0.2563867618684227,0.42153466504167003,0.1821076119572368,0.7658194264728257,0.4068419615112092
0.447421056335531,0.869131329823996,0.4605115074585927,0.4558918501006338,0.010258681850169316,0.2545545293816006,0.8045592602896241,0.6001571713463775,0.9310817483931091,0.17587274824575672,0.2451637374927207,0.9922156176550174,0.8347208978072757,0.35596070148909664,0.2987171761388243,0.483297934188737,0.4647329569061712,0.3260202806012954,0.4887877513759622,0.913683624900284,0.0281056270621588,0.7070300067152697,0.3164465943017647,0.13224328799447205,0.03756201190824948,0.9666259493474435,0.6465495778585,0.21838563290379365,0.9600951981823534,0.0,0.09539910514537542,0.3360953365809429,0.22929782799563103,0.2736913556560514,0.5096089310847685,0.177779679302988,0.8008825937054367,0.5033819613171241,0.1566091971046648,0.4766491506363102,0.41039695481144234,0.5664459155430885,0.9855497668311531,0.9668958933760782,0.7793374520891017,0.5985225440231619,0.3849240045443536,0.9832162402565682,0.7088701906133764,0.8236362819111757
0.854093811781051,0.5631014890397597,0.9649861656754093,0.1793079922874926,0.0432444625574252,0.623761464204368,0.9655391680317508,0.5276868907658515,0.18521513363112763,0.17433565001914042,0.8905776114861713,0.035580487101743774,0.7008844222214972,0.4109948429086616,0.7310640982324054,0.7361812011316778,0.4119066038710639,0.0051739570861232265,0.696101613087918,0.18796482853619467,0.4218372722310203,0.33457684233869733,0.5854098004101214,0.06898108203775077,0.28758258633390843,0.9165696891251744,0.11989450264291501,0.5630468967390552,0.7380068897399306,0.09539910514537542,0.0,0.727773274119076,0.15068168718688657,0.5921415858098545,0.11750952247575075,0.5433108546667023,0.2829251219430561,0.3853930322557394,0.798769956668274,0.1766559699270529,0.8563790364235783,0.871137292427203,0.5206208237673084,0.9527619533419265,0.8126429835174638,0.22068109744877484,0.676620842543358,0.5505916642901721,0.33290710589597006,0.9022359597382689
0.6442913876431234,0.36679572741116195,0.6072832459870935,0.8832335072431485,0.8261092829864601,0.4343528293266715,0.6873247171813521,0.8164054109309687,0.9301142702931888,0.147613281740133,0.586656907771527,0.7684784037986978,0.9736071245205075,0.9252209190733607,0.9017673713019788,0.288540323202088,0.38547519841028643,0.870143805676729,0.41387255990861704,0.6257044219454004,0.37705365463310636,0.6010092802721295,0.8766684915302339,0.20690630026232126,0.42468958181562955,0.7215018241821731,0.9906195917364939,0.896410928704736,0.9359134289838681,0.3360953365809429,0.727773274119076,0.0,0.061254339818265446,0.6022715587131894,0.29315587768228313,0.09582999018641913,0.9491391217303858,0.022371059236354962,0.05905403769070261,0.9373193333327315,0.6158844617476462,0.4744445219290072,0.11576249728281163,0.43161885132960454,0.5641823583386583,0.13417067597765464,0.3105661920845594,0.19289851581498663,0.4442463844018736,0.5595544511342888
0.01881167188204169,0.08689599330896969,0.7841722030278281,0.6329219420439703,0.49454243556569355,0.6224664941361959,0.7507001361122877,0.9411613885655553,0.043717053389785265,0.3290323972953558,0.03913719520465353,0.24106437462959263,0.5250520351049773,0.8368612196365066,0.6217074591327364,0.034413042240739156,0.8460995571234123,0.6149043688298788,0.1737438774496496,0.41726636028870867,0.6324715172958532,0.751544442055571,0.013369207505398939,0.04205520788307748,0.666547727077834,0.692090098035682,0.7567886481308636,0.1384639466825942,0.44035234192505646,0.22929782799563103,0.15068168718688657,0.061254339818265446,0.0,0.8761674160087701,0.9956608058594303,0.28406523073058876,0.2251023533010431,0.06933154430368971,0.7907216609958798,0.9052290625663595,0.08026613318717157,0.9200842270748997,0.8932909613416322,0.4254870519798857,0.815260459518576,0.9277860889491015,0.6353288505624599,0.3190121442005952,0.7746434419028878,0.854622509438563
0.6707073212862854,0.5513369171937497,0.21773556022684404,0.924212857068877,0.8548978011064599,0.3955954353392316,0.30035590943757096,0.6114672549062659,0.35009847104531777,0.33371542140243826,0.26862251683061633,0.38798229470904744,0.5048432490623399,0.017333095621844707,0.5914671967609609,0.7390976411155933,0.3090038349403289,0.668801824183531,0.8166190046180513,0.13247402530768337,0.11233441021012858,0.38482234595805187,0.1996765899213908,0.529379918839812,0.7712785326711248,0.26819777988834304,0.12377579721688925,0.08913912952953718,0.6395934604209057,0.2736913556560514,0.5921415858098545,0.6022715587131894,0.8761674160087701,0.0,0.08797319751110388,0.303408012605519,0.011276274605196202,0.6021322882070754,0.4626875310143752,0.871096417884219,0.2854363243946776,0.8826710855198457,0.013757104391582065,0.8224590715857008,0.5005363145872337,0.3883702127764812,0.021924905854228793,0.6843142490473627,0.7245003906072178,0.2692745098613927
0.8151261437105389,0.7888117893633111,0.6336048607130813,0.5200610144361576,0.7628064629801127,0.5858127909615655,0.732463572689417,0.6891386740553812,0.028390012137365472,0.5363445277364676,0.6891713440992354,0.13543924905988514,0.7683879235892459,0.5303654279360778,0.44877737264178974,0.5078361827127557,0.9600410272364189,0.2964139701207278,0.875454775420027,0.7789312602801983,0.7905883161668599,0.33816802909314625,0.05392916546789284,0.7322608532054857,0.6724547933023766,0.13263510766282827,0.17916818917088728,0.7384667993140683,0.5540987048358975,0.5096089310847685,0.11750952247575075,0.29315587768228313,0.9956608058594303,0.08797319751110388,0.0,0.3233453287744812,0.18611325656552202,0.6537603062954281,0.4202806507792016,0.34050931060661604,0.753769391515383,0.5298838484708137,0.7563142508824824,0.10229812599049037,0.7925565073034078,0.8494628813162485,0.41690357056064464,0.9606960488863727,0.09094996797573462,0.4834764612780549
0.29172866735320135,0.9581087989286787,0.9128750997630579,0.2830393275310137,0.3529219658264421,0.4343678885646275,0.008575502048851269,0.36055970808090265,0.9000767179508524,0.770067725369293,0.013378580708998222,0.5247704482681497,0.7361290666940965,0.9292238706530062,0.3673683092850908,0.9040169727036608,0.31657755055157333,0.5483355677776176,0.7757241854295964,0.17947354871309917,0.31985726852644303,0.35898878366110076,0.19756498939968814,0.6201470522308437,0.04570900085498464,0.5008215088150363,0.20289244089187508,0.010251803654348524,0.7264614054686488,0.177779679302988,0.5433108546667023,0.09582999018641913,0.28406523073058876,0.303408012605519,0.3233453287744812,0.0,0.7502472546897223,0.080185821463022,0.59075455408458,0.3928218067324527,0.9138812577351761,0.27179569319866226,0.7872517231762666,0.6618454831757528,0.4787868007046878,0.6327753573899576,0.12306005485474947,0.3796300623534661,0.6923290063008565,0.14152102369639796
0.7815250374245312,0.18261678751449906,0.8220759480023934,0.09254175097359674,0.7247584157218385,0.8648920016903274,0.2055204806039279,0.5452259516949958,0.10670616141670441,0.14328294502105587,0.6334633881656125,0.7805051793353349,0.4127648360943488,0.48862122658529006,0.3097879856187492,0.7890165039016338,0.7559110659854815,0.6090747345053208,0.3461094863795001,0.854770821328246,0.20339770400116208,0.5447356458525842,0.6923237746258964,0.3272294723822331,0.9193286393115058,0.5932948221350621,0.36999007599643596,0.38018931678708257,0.4130889673254713,0.8008825937054367,0.2829251219430561,0.9491391217303858,0.2251023533010431,0.011276274605196202,0.18611325656552202,0.7502472546897223,0.0,0.5206216652081181,0.8056442531750201,0.9168048759363097,0.8002969499235146,0.9981282093869601,0.41128988328076743,0.9406104638017188,0.8123939888093763,0.6955488460214223,0.9676956254801986,0.8758278770197777,0.5788529577368545,0.7804415072902491
0.9695461725679074,0.8094440576954969,0.0508668358937342,0.7833728979302281,0.6664996867456349,0.0253932098537496,0.3557804495008682,0.9285108446826914,0.0069619695790354985,0.9175918656697097,0.5035447383088134,0.42062914981536714,0.708194805289824,0.09652278218979271,0.862980155677098,0.0660919815480504,0.045732563422691164,0.5223259686686784,0.5405341238569181,0.4655751061818232,0.36288131790914013,0.8943395579345903,0.9975816659480399,0.7959052400938667,0.8489720477718234,0.5478148569133671,0.6430443105624138,0.18837372236791106,0.234105522975667,0.5033819613171241,0.3853930322557394,0.022371059236354962,0.06933154430368971,0.6021322882070754,0.6537603062954281,0.080185821463022,0.5206216652081181,0.0,0.08463388774780634,0.8919019003209416,0.493324907776429,0.8610361020923675,0.5939715567098118,0.6594889653821258,0.42373030491230346,0.5479493188042812,0.045915998505415945,0.1634419697529661,0.8548928148876354,0.7813236097031884
0.9023332491293831,0.32684370892954506,0.8796399741486712,0.17673687219972045,0.3224286211598152,0.48976634243382866,0.787581496446793,0.5781004117369106,0.09377421806317066,0.4996208583875197,0.7674884739218328,0.9327408454915957,0.7339313238704043,0.8320615982529523,0.4389837612961388,0.3276359641684429,0.2800226652683324,0.6536003462724762,0.024399158966157075,0.6507053652148055,0.1821816372606384,0.9464476493868267,0.3844009569360013,0.7266184440361813,0.9842250540026208,0.6261041116526027,0.45473204539974965,0.8834387611721309,0.7210873478305376,0.1566091971046648,0.798769956668274,0.05905403769070261,0.7907216609958798,0.4626875310143752,0.4202806507792016,0.59075455408458,0.8056442531750201,0.08463388774780634,0.0,0.37454328581149554,0.2001044123363318,0.8979243652052155,0.041169613976531405,0.3584347659171786,0.794234648317324,0.7175191426479685,0.9353336398470786,0.28156670600475164,0.866580318349764,0.2982294096282547
0.6970491691618241,0.5698590395151322,0.05619041056132379,0.7271496542176479,0.30009779081404375,0.6702104418816889,0.5132329394256651,0.9932649001799213,0.639464133100851,0.23512009028687098,0.1394859564378781,0.18641223639393634,0.860118468714097,0.7760763594364662,0.9972838195924799,0.746723524564885,0.6211054175728655,0.3738431501315247,0.7424982450724633,0.9150169477338468,0.21418419096097852,0.9616396162988062,0.3230547705223914,0.5224800829462842,0.5919438933793674,0.18698059754635443,0.4879103361972287,0.9292881840159397,0.722314816097577,0.4766491506363102,0.1766559699270529,0.9373193333327315,0.9052290625663595,0.871096417884219,0.34050931060661604,0.3928218067324527,0.9168048759363097,0.8919019003209416,0.37454328581149554,0.0,0.7259195746484679,0.7568063133977945,0.44985985953260466,0.016542848293561674,0.8803758726290444,0.9975696560574221,0.9341055357375602,0.26540268314836535,0.023923885213038565,0.37633387818013053
0.35903188524631713,0.8086316704220221,0.006442122350259538,0.4944843999517089,0.7805628950628369,0.09593587187229036,0.13350322267947856,0.129263391113972,0.1757540212378097,0.5031201828987485,0.2528136271513751,0.44094145334252455,0.2582132827029394,0.46587805582607744,0.8234836812254069,0.9947883084038468,0.523707361623484,0.19469423472051772,0.003945314262497002,0.756610203535296,0.9621948904921563,0.9006503317651507,0.6066176982725201,0.33837317694897373,0.12105294921835574,0.6540462881729863,0.8737204727485387,0.2141155378724433,0.25838234722521336,0.41039695481144234,0.8563790364235783,0.6158844617476462,0.08026613318717157,0.2854363243946776,0.753769391515383,0.9138812577351761,0.8002969499235146,0.493324907776429,0.2001044123363318,0.7259195746484679,0.0,0.8809420145835483,0.40594000492612414,0.39690666965577504,0.4120451236949906,0.24697279307187003,0.10506523391108236,0.14116644964476555,0.12583492560902976,0.7514504242002135
0.7526598288682996,0.990546862131534,0.20159660914544286,0.3909162680099988,0.471063119794086,0.8797574197499115,0.3985713691164541,0.2677018870159502,0.9998449946258238,0.005445110048200585,0.0908261421315999,0.9989047627697297,0.6814231809436021,0.12181402174493228,0.2145818032252621,0.013928087005299905,0.632653281084423,0.8159650253760502,0.17791827101961122,0.795217303934611,0.5482654650001257,0.8402773460792226,0.7694204262528629,0.19957373155026803,0.84683656451753,0.9671071055146653,0.3691267157296214,0.6876134419225636,0.2887668006446854,0.5664459155430885,0.871137292427203,0.4744445219290072,0.9200842270748997,0.8826710855198457,0.5298838484708137,0.27179569319866226,0.9981282093869601,0.8610361020923675,0.8979243652052155,0.7568063133977945,0.8809420145835483,0.0,0.3695144310290457,0.33674927641356545,0.24484789208390312,0.2144522004089786,0.4667892805990915,0.6600324460776872,0.47768939831498736,0.0359912063977178
0.8000633364605685,0.0456655583978226,0.09863494387132621,0.6688789132222477,0.09408993167387525,0.08976050066430963,0.1327957999676691,0.11259400184665835,0.6050895521530281,0.7502166708974769,0.8440326578984179,0.21785953113987178,0.7341578692710287,0.8207196694135693,0.5313545512356477,0.8610512378593872,0.34888432013928783,0.6259103227329968,0.5082184655476245,0.5068270808941823,0.3737265191237934,0.8964092537238294,0.8626475062546134,0.026650822258778017,0.4828415666106556,0.45883476109371346,0.9759108686717075,0.7564277469644894,0.6877318347303195,0.9855497668311531,0.5206208237673084,0.11576249728281163,0.8932909613416322,0.013757104391582065,0.7563142508824824,0.7872517231762666,0.41128988328076743,0.5939715567098118,0.041169613976531405,0.44985985953260466,0.40594000492612414,0.3695144310290457,0.0,0.79486834307242,0.2228098187164338,0.8479449267987567,0.9025007746941273,0.2173661105839092,0.08081458541883901,0.40381535156335324
0.566957947479772,0.6016848522733323,0.41858328753261087,0.6681317514399685,0.6476597908943481,0.2229586354659432,0.650961434441603,0.25136018257996773,0.36196981062029887,0.628177139694819,0.008647763010639853,0.4988294929415037,0.8568385443052338,0.4930559329332985,0.6296148658291812,0.034536814160589846,0.056259171822760856,0.870234625504904,0.9792441469107296,0.552577542167398,0.20972298735732608,0.4254420524347874,0.5830031389395579,0.6662845272997553,0.194747881532912,0.9279471197562352,0.07708879550932324,0.29769663187284345,0.4452993670900217,0.9668958933760782,0.9527619533419265,0.43161885132960454,0.4254870519798857,0.8224590715857008,0.10229812599049037,0.6618454831757528,0.9406104638017188,0.6594889653821258,0.3584347659171786,0.016542848293561674,0.39690666965577504,0.33674927641356545,0.79486834307242,0.0,0.09421257031312102,0.9996681648121193,0.1394714593202998,0.3763756347099386,0.516784674877009,0.2209612948033579
0.8160607948073298,0.5885477906881338,0.7287867397969854,0.06491728735673863,0.6112027310284965,0.9845210927476249,0.34235185837754867,0.6247384278467184,0.3222272700541212,0.6956589115946592,0.10011269250219135,0.9567606458822763,0.25940062623953597,0.9290095656853316,0.6477861031704772,0.830079570047914,0.026633081580906492,0.287486962709279,0.4805745112225589,0.7063651554610455,0.44116686772806535,0.5933838092743985,0.7551177192752064,0.6723352631807619,0.6112099793232075,0.08681897875860789,0.35319581484974016,0.9259390751926242,0.6921247014437805,0.7793374520891017,0.8126429835174638,0.5641823583386583,0.815260459518576,0.5005363145872337,0.7925565073034078,0.4787868007046878,0.8123939888093763,0.42373030491230346,0.794234648317324,0.8803758726290444,0.4120451236949906,0.24484789208390312,0.2228098187164338,0.09421257031312102,0.0,0.53386912926102,0.12296155768345707,0.6942675120194055,0.47415653790043366,0.6301093275933423
0.3664666161777098,0.7352155635238163,0.4563562351177297,0.6849108301497834,0.07487848329502234,0.0397881175347492,0.7749170457987513,0.06589841953644537,0.6833701371269431,0.26623590992658475,0.4882447876687489,0.3196986433650798,0.5051833992621161,0.6807418782095559,0.6354681503085825,0.9396683563950402,0.6611062630454071,0.6790021846533427,0.6615250821733633,0.8911402030936221,0.6978236546826408,0.4007158624749362,0.8224636273089191,0.3814003250101259,0.5913223821217204,0.3783548372066855,0.3753066025948152,0.6984783386899945,0.2563867618684227,0.5985225440231619,0.22068109744877484,0.13417067597765464,0.9277860889491015,0.3883702127764812,0.8494628813162485,0.6327753573899576,0.6955488460214223,0.5479493188042812,0.7175191426479685,0.9975696560574221,0.24697279307187003,0.2144522004089786,0.8479449267987567,0.9996681648121193,0.53386912926102,0.0,0.5126616444959292,0.7084805129767268,0.17639497360793743,0.8420211107376152
0.2413684076841539,0.43400497657190806,0.8831946843628472,0.6879559189587253,0.38846656030486626,0.8142918115330537,0.8787360932663543,0.35681402733742884,0.06231831663945209,0.8391112114346593,0.9850267173177699,0.3528588786089698,0.6664143156006253,0.004966802853389907,0.5137302753563502,0.5079045505334249,0.22809692299549655,0.866100785206225,0.2650106305225238,0.45972470762075224,0.6921759256717754,0.728758261965382,0.9479886866150159,0.9500268674087021,0.3058976366949899,0.5752738490195922,0.9182947641275475,0.7000015673641735,0.42153466504167003,0.3849240045443536,0.676620842543358,0.3105661920845594,0.6353288505624599,0.021924905854228793,0.41690357056064464,0.12306005485474947,0.9676956254801986,0.045915998505415945,0.9353336398470786,0.9341055357375602,0.10506523391108236,0.4667892805990915,0.9025007746941273,0.1394714593202998,0.12296155768345707,0.5126616444959292,0.0,0.5032644463138836,0.1119755444872268,0.9665362011333896
0.5954133747040022,0.9973312955915709,0.45597225531296215,0.5025693500992895,0.013302780912986867,0.9608155120203219,0.8207958852503402,0.2225624846959714,0.12239964835275141,0.14329858810781293,0.10033527392906538,0.10942318657695449,0.9247634149889787,0.12404004252318523,0.688492342159802,0.8870029067718603,0.2533761238950156,0.8422479775398267,0.8918429843952782,0.21140755118768506,0.5537487096392784,0.15865792358160724,0.4823117199082041,0.40516449474460914,0.952495322574645,0.30653571324945317,0.2503177131284843,0.052777275972593074,0.1821076119572368,0.9832162402565682,0.5505916642901721,0.19289851581498663,0.3190121442005952,0.6843142490473627,0.9606960488863727,0.3796300623534661,0.8758278770197777,0.1634419697529661,0.28156670600475164,0.26540268314836535,0.14116644964476555,0.6600324460776872,0.2173661105839092,0.3763756347099386,0.6942675120194055,0.7084805129767268,0.5032644463138836,0.0,0.21629760058502479,0.1887195940095694
0.7172579902425364,0.8062004113465421,0.8236407672646635,0.14358708651636276,0.8677948840094617,0.6769452131128886,0.8106276184177741,0.6489545058459826,0.2580224777220689,0.9706425762491354,0.2595563568014826,0.8592475832074465,0.7626216246915536,0.7124551594954566,0.4619180241614297,0.5273783603993573,0.24095543570287714,0.2548657479608676,0.4510379137980034,0.7433546843430479,0.9240467429416009,0.004697754864387393,0.4988194354513569,0.17588518948378362,0.07956404094871738,0.3830660252175817,0.4619149595518919,0.2905832273333052,0.7658194264728257,0.7088701906133764,0.33290710589597006,0.4442463844018736,0.7746434419028878,0.7245003906072178,0.09094996797573462,0.6923290063008565,0.5788529577368545,0.8548928148876354,0.866580318349764,0.023923885213038565,0.12583492560902976,0.47768939831498736,0.08081458541883901,0.516784674877009,0.47415653790043366,0.17639497360793743,0.1119755444872268,0.21629760058502479,0.0,0.1533293537700513
0.02182545104888245,0.7619556584619832,0.273194522098954,0.21430944894042336,0.48960615185903666,0.6210129136971241,0.5524690605388931,0.5434998903183288,0.8914823866254615,0.577414966236221,0.05779790659215367,0.42880079839909624,0.4653101838919146,0.3153437365171844,0.36667395264369773,0.07688581824685381,0.896934244499301,0.5683015036473729,0.9182213824166122,0.9979858424562837,0.4945638707853105,0.42044386341316464,0.7841017688775547,0.1483987077770137,0.8152252216053909,0.2946382413869387,0.13103803504776412,0.2931730430019137,0.4068419615112092,0.8236362819111757,0.9022359597382689,0.5595544511342888,0.854622509438563,0.2692745098613927,0.4834764612780549,0.14152102369639796,0.7804415072902491,0.7813236097031884,0.2982294096282547,0.37633387818013053,0.7514504242002135,0.0359912063977178,0.40381535156335324,0.2209612948033579,0.6301093275933423,0.8420211107376152,0.9665362011333896,0.1887195940095694,0.1533293537700513,0.0

