0.000000000000000000e+00,9.059750430971180712e-02,6.906230388042871038e-01,5.320872176719878555e-01,4.762484647798143067e-01,4.359583297462211737e-01,4.984718703484933844e-01,6.464727673180953316e-01,7.846890900696051885e-01,9.561222642538959038e-01,5.835291864992446786e-01,5.368129743183789326e-01,8.639065941903136814e-01,9.581516562136562776e-01,6.203344175081533241e-01,7.466963910586684738e-01,1.275267548027289033e-01,2.821195269373115710e-01,3.154282088543677309e-01,2.174829023985501708e-01,6.119588165053406748e-01,3.658813046678782710e-01,4.850812772086305902e-01,4.125252479050689480e-01,2.716037582730584932e-01,6.335605556684484885e-01,9.082131029187918703e-01,6.398593026332304312e-01,3.177401649821698371e-01,9.604002127420231405e-01,1.820794889742516354e-02,3.171690706752444688e-01,5.214863252561630080e-02,7.033418230499727253e-01,7.553998783490816216e-01,7.947447085687685542e-01,1.943554736898929214e-01,2.800287176045432869e-01,9.750491288633148512e-01,3.353149967090824912e-01,8.774792368847272872e-01,6.149712799232984750e-01,1.034654902918156205e-01,2.860225582790466570e-01,8.153234661556949536e-01,2.537057387132549691e-01,7.627686048679256370e-01,7.979349866410356817e-01,7.949733319334506554e-02,8.557199681732374774e-02,4.163502607834631553e-01,3.654082436769512388e-02,4.470731702995968115e-01,5.274160565891785613e-01,3.444628126374555954e-01,7.490991384252763119e-01,3.287578493017291326e-01,4.496235321090432668e-01,9.161549530807850950e-01,1.234180115226144459e-01,1.038373328718270594e-01,9.040503417392250496e-01,5.060306622626055129e-01,8.785516436479079427e-02,6.785512268649888101e-01,8.605154643629961964e-01,2.674974069565995149e-01,9.459848242727264545e-01,7.985540427175528144e-01,4.884137121533871362e-02,6.160025020237525073e-01,4.037039771765638108e-01,2.097665539185235017e-01,6.673783896107611247e-01,9.422938411044801121e-02,3.957617343407977550e-01,1.986882311970583626e-02,8.728771569700155553e-02,2.349638508766082046e-01,6.252834148854603535e-01,5.552092137876187827e-01,7.535199482141878846e-01,3.270612784261609507e-01
9.059750430971180712e-02,0.000000000000000000e+00,4.495828224960196629e-02,6.791418549709438146e-01,3.313538427295659172e-02,9.972896826307171558e-01,1.289367451640446305e-01,9.236092882200366283e-01,8.147578772821493232e-01,5.009420225380796232e-01,3.792371827850997690e-01,5.558441425165595584e-01,1.423048725731600461e-01,8.360138647062789197e-01,7.305136948808998998e-01,9.187394251911705778e-01,8.572085556012087881e-01,3.100076795298878363e-02,3.434742225038461827e-01,6.168408361107680093e-01,6.787130136108822098e-01,1.054487097703048493e-01,7.079284410054841326e-01,5.426710650066466357e-01,4.322593815156428043e-01,5.875187772370649153e-02,5.990664590104692877e-01,9.100567595684647682e-01,6.335847213850011039e-01,4.242585188414698116e-01,6.365741515585543464e-02,1.421962650930997940e-01,6.140057645077229287e-01,7.218023468330375669e-01,7.282840201417697390e-01,2.503452572054863934e-01,6.997274000244292358e-01,4.019200478187305858e-01,1.128773379919580933e-01,8.345848405718251373e-01,6.022109731774530905e-01,7.295293919441458996e-02,6.109838507335759727e-01,8.971010327631206982e-01,7.978801391918802777e-01,4.120707933375044041e-01,3.263855564721969138e-01,1.123299645487908505e-01,6.966471666063099866e-01,3.094286838904727333e-01,5.820969797370485477e-01,5.534009178011393137e-01,3.791040852428104735e-01,1.873148107048560052e-01,9.831464072779935170e-01,6.323021376798606541e-01,5.723523670508811056e-01,4.323021191287851339e-01,7.549873167697497278e-01,2.022366232266914476e-01,7.750052044299021725e-01,4.657206610658864987e-01,6.728328927622825306e-01,7.634569346307861215e-01,9.372133899608757757e-01,7.087965310659627427e-01,1.350816135254261363e-01,5.548643321675371665e-01,1.708201113883891509e-01,9.982307158964156546e-01,8.543716373945065001e-02,3.428441285393413196e-01,8.024715717499169010e-01,6.288644682473266689e-01,6.717360711054087830e-02,5.378739004488116704e-01,2.444466862393355200e-01,3.002630205849647904e-01,4.339816430666550984e-01,7.508469062191613919e-02,7.725439637202098364e-01,3.793689670440081319e-02,9.535528450159578284e-01
6.906230388042871038e-01,4.495828224960196629e-02,0.000000000000000000e+00,8.763138012902399465e-01,6.106407542902922980e-01,2.015069678968528510e-01,5.087404352509811156e-01,6.064843279632659012e-02,1.529905638688834335e-01,7.115670833821039487e-01,6.951100468719738634e-01,3.447009114532824103e-01,5.555592897258645468e-01,2.630216632969238910e-01,4.787684925304517281e-01,2.470626770718765686e-01,3.517208591941938245e-01,8.509170903279281717e-01,8.696163125786119386e-01,5.605315007192807064e-01,5.530800848305734707e-01,5.968717610822354969e-01,3.562986141445682042e-01,4.164881345780239164e-01,4.262463107198413148e-01,3.594690040056941482e-01,7.699355995974953570e-01,7.485969371048296628e-01,8.769703429865874922e-01,3.111770728938286767e-01,4.013882593172221069e-01,6.679993691951027213e-01,4.239151248144323869e-01,7.665287643053229072e-01,4.180439638734652075e-01,1.114236502284079444e-01,5.267727138156486077e-02,8.905380661176498513e-01,7.366046568409717610e-01,3.886747893498463391e-01,9.936502708779488824e-01,2.721279547619204209e-01,3.063949727834199832e-01,9.539012333291270185e-01,5.642543077739736734e-02,9.145144288576989577e-02,6.924751028113639295e-01,1.703710277792775951e-01,5.404786680503410601e-01,2.399192097566326121e-01,1.618029440099841842e-01,3.879015629233635298e-01,3.355168023148542567e-01,9.508487120050552743e-01,8.527455906295039467e-01,6.203054984805118632e-01,4.300650324206322095e-01,6.388534454986690703e-01,8.485110147971099970e-01,1.068734943515001756e-01,6.863729863970646772e-01,7.763287430336032191e-01,6.556013778918501345e-02,9.666256315896241125e-01,6.418733837452975655e-01,2.217042110956393142e-01,8.401557000799740882e-01,5.510397845604390055e-01,2.418686160474269320e-01,1.584014578994855649e-01,1.737602512625676665e-01,5.762186267173394771e-01,3.099866772352188882e-02,3.663885778315978392e-01,9.593539751914852420e-01,9.851128386919935087e-01,5.031368817594921161e-01,9.878715454837160292e-01,2.244190252343978287e-01,7.561411143209572083e-01,9.293740794800668947e-01,2.619326019605476841e-01,9.792553221094313365e-02
5.320872176719878555e-01,6.791418549709438146e-01,8.763138012902399465e-01,0.000000000000000000e+00,8.497258033914076858e-01,8.538616296933857486e-01,7.730809355105736635e-01,6.707394719958397200e-01,1.733507342260542927e-01,2.509541915100262921e-01,1.722780975887734378e-01,5.629051985504960331e-01,4.881677765886599518e-01,4.540524031525207116e-01,7.650615549729888887e-01,6.847909600047079604e-01,6.555742904201611321e-01,7.363826218691836845e-01,1.011918202557080537e-01,1.689644927306045430e-01,5.086906191316705739e-01,1.820079232494026256e-01,8.163098092429059705e-01,3.372850247366586673e-01,6.091211016820592405e-01,2.151049383147927152e-01,9.541585289767433586e-01,1.510346272115672406e-01,5.801948350698274970e-01,4.237029567545114173e-01,2.860503713612210230e-01,8.666482767820768984e-01,8.753801201855425651e-01,6.247501615313288958e-03,9.536533754786361561e-01,3.929041861541860969e-01,2.314699475980630528e-01,4.025432918439889596e-01,6.510484739664184062e-01,9.029617194615503495e-01,1.868396121641705543e-01,3.449430865933326151e-01,7.851815804465311910e-01,7.765951096375887097e-01,2.460481021192116868e-01,9.553315358464026241e-01,7.968731693197582677e-01,2.758387581701312596e-01,8.631356756261665542e-02,3.973722743521825862e-01,1.781667055567726088e-02,6.629850873799658650e-01,2.504666971790618923e-01,4.493155425553188032e-01,6.678749196677900013e-01,6.302524413873966669e-01,4.095089377766250038e-01,3.376982684473844865e-01,9.379258955341741588e-01,7.994171224329920111e-01,7.178697452775615329e-01,8.499602333697892087e-01,1.484203972123462334e-01,4.157174141469117679e-01,6.931413078047897747e-01,6.687850690413810195e-02,6.080922138813636968e-01,7.171950111966837182e-01,6.023602159945401491e-01,6.362278514380119709e-01,9.193651894943252190e-01,7.891756861113374821e-01,6.444371690549419718e-01,9.785072492075170825e-01,2.819603412326247005e-01,4.317839636813449733e-01,4.385144263700669898e-01,7.573007632418664592e-01,4.092010460405579586e-01,7.141475639757386418e-01,2.403090883453959936e-01,6.193207389122098450e-01,9.486503118332746398e-01
4.762484647798143067e-01,3.313538427295659172e-02,6.106407542902922980e-01,8.497258033914076858e-01,0.000000000000000000e+00,2.894331264687758365e-01,3.358109767877397456e-01,8.851711200225049758e-01,2.711922002389092201e-01,6.842533619537165546e-01,1.425647855412776055e-01,7.608279506944203296e-01,8.097972023793729157e-01,1.883496003593232437e-02,3.736774682059671449e-01,1.983633077060354966e-01,9.187913060957303424e-01,3.505449069899813086e-01,6.221776069995846870e-01,4.470468380395685726e-01,4.134710063392732504e-02,8.978935294789740507e-01,4.905996679296796836e-01,1.773484355865948547e-01,5.965244598620278449e-02,3.390983152391501276e-01,6.151174984776540677e-01,1.467304947392344960e-02,6.035951696781886033e-01,5.186881251311716845e-01,7.314511556111324975e-02,1.580767916297796116e-01,7.318409763973161564e-01,4.693328189146306340e-02,5.940385130674041836e-01,7.990076402088708285e-01,3.823649948108409635e-02,1.028539305371838353e-01,9.196203870288111037e-01,6.310222179109093998e-01,9.551597044514901214e-01,8.094678919837215991e-01,7.333279298596133700e-01,7.002585205984280803e-01,4.379306753602802971e-01,2.655801593022333318e-01,3.887603975180996541e-01,3.416326006411640748e-01,1.745094997610057153e-01,7.861608283362367944e-01,1.947052453862495591e-01,5.791401418472944540e-01,1.971467748690255428e-01,8.492903088423564562e-02,7.553667394109417899e-01,9.220771639451657009e-01,8.649733862745164759e-01,1.003864071864912777e-02,4.746955591829290499e-01,1.380828695412116280e-01,1.294098190564318962e-01,4.006176188658748805e-01,5.389771809876631181e-01,7.476623508499222748e-01,7.053227659149591267e-01,7.036199695513013497e-01,1.454340835370796503e-01,3.753281526139135016e-01,5.218670889837969673e-01,4.872875667006537626e-01,9.430130847733794175e-01,5.417289821677830908e-01,5.418637983332612595e-01,3.991321570196606494e-01,4.931099158012818284e-01,7.681157980996485835e-01,1.085577122887835255e-01,4.920228117876362939e-01,7.040856110355306896e-01,9.798524737819505059e-01,2.722839620043056019e-01,9.773142645154314634e-01,7.531226750525642499e-01
4.359583297462211737e-01,9.972896826307171558e-01,2.015069678968528510e-01,8.538616296933857486e-01,2.894331264687758365e-01,0.000000000000000000e+00,4.994455220539399942e-01,3.015967099572939292e-01,8.000023764172162766e-01,7.703194340551415831e-01,5.624839343141987413e-01,2.639769577987949312e-03,8.157917991652581247e-01,4.995601561145790459e-02,4.449862960977792881e-01,8.218105329243940993e-01,4.359509079311419955e-01,9.836683029185205873e-01,5.632255098715260866e-01,1.341561934964263791e-01,1.645565349131729027e-01,9.342934641022304643e-01,6.268319506910745575e-01,4.519446137982842115e-01,7.006377109500464551e-01,5.927481560555766249e-01,7.308276651153611247e-02,1.451237617237431943e-01,4.902465754725175984e-01,4.313556192675119805e-01,1.400332702011760633e-01,3.584212665030958034e-01,6.513224032683900822e-01,7.172408887744973205e-01,2.899913685648025652e-02,6.607124649556762597e-01,9.351428183977801289e-01,7.309125193137223642e-01,4.448295926236024433e-01,3.532170166712628179e-01,5.177373589317146862e-01,5.798486913275328059e-01,6.011327321724566630e-01,6.518158561331934830e-01,6.944217436942484722e-01,1.459981324256001134e-01,9.810338333344957862e-01,8.013077034312232616e-01,7.369621323763808629e-02,1.607465390031450614e-01,7.991028453568024270e-01,5.540052639148584923e-02,6.431041033073209290e-01,4.020246143084044155e-01,9.755681583024076176e-01,2.978458124891356640e-01,8.363144491962531957e-01,2.104022234563207583e-02,5.965326344947037285e-01,4.960703038368282636e-01,4.205049960874300830e-01,9.502860618946673554e-03,8.928449892997014636e-02,8.958489978924407682e-01,9.546878728847979501e-01,1.932339566593099800e-01,3.344894635254602733e-02,3.701014318689774818e-01,4.469621130131892217e-01,3.441134436431971810e-01,1.381843751215614535e-01,6.882786573935670837e-01,3.101893615935218396e-01,4.101683651262024721e-01,2.892888769470349786e-01,9.621107108207408443e-01,7.534541838410001580e-01,3.283217001064016038e-01,6.360104832231356919e-01,5.390044477404322132e-01,3.674500364462063295e-02,3.520881743199260061e-01,4.465235825595724739e-01
4.984718703484933844e-01,1.289367451640446305e-01,5.087404352509811156e-01,7.730809355105736635e-01,3.358109767877397456e-01,4.994455220539399942e-01,0.000000000000000000e+00,8.936948228022323359e-02,2.311244866769690542e-02,6.266588876554601839e-02,2.435631689809388822e-01,7.137310116014855543e-01,4.507269413536096891e-01,7.168425276040848448e-01,1.440009448886629961e-01,4.373102445052389209e-01,4.120793928792996219e-01,6.380639802097080038e-01,8.607065607790091999e-01,1.874722200373765135e-01,7.912155266677868282e-01,4.750848161303999895e-02,1.843507656125125127e-01,6.300958845351799509e-01,5.458671815022309026e-01,7.289598510749139004e-01,1.978419216217087717e-01,1.914904881626348088e-01,8.520413917950389049e-01,1.106682637782233636e-01,4.749834657833879037e-01,3.302223325827493561e-01,7.310081142320347114e-01,3.930953304366302525e-02,7.867652351651934772e-01,4.789824415670661528e-01,6.123667988826797526e-03,9.908519411594369775e-01,1.892282385862685823e-01,8.131144445965560186e-01,1.505271027688678265e-01,7.115388113330115560e-01,4.936470216647990128e-01,7.501255978133073432e-01,8.436070414264865702e-01,5.594841352171859850e-01,6.677190523720796245e-01,8.138546661665613247e-01,5.197491525684694302e-01,6.964355847935131960e-01,8.001205171955340090e-01,5.965927188036339590e-01,4.900601867420937285e-01,8.779016163928486938e-01,4.717180202557307300e-01,2.003116472454161689e-01,2.772079410376552255e-01,4.999414060371223378e-01,7.626563090780981158e-01,1.182299509245895441e-01,3.550017328916386106e-01,9.341768557158086628e-01,7.172637113780913065e-01,6.100420942552809977e-01,3.154237608412782112e-01,6.710853748839318289e-01,2.245372102763716349e-01,8.613963436953273600e-01,7.182552344732850980e-01,7.706565553015409797e-03,2.520183256095952506e-01,8.531104880730027151e-01,5.961260496188671709e-01,1.049983811979423587e-01,5.795645932459695393e-01,8.342579358723186678e-01,1.238838754306104128e-02,3.072477681217439249e-01,3.827411464591267132e-01,8.075737594475373982e-01,1.570548975025287675e-03,1.444240578084687865e-02,4.015186214143775523e-01
6.464727673180953316e-01,9.236092882200366283e-01,6.064843279632659012e-02,6.707394719958397200e-01,8.851711200225049758e-01,3.015967099572939292e-01,8.936948228022323359e-02,0.000000000000000000e+00,7.733552638795014866e-01,6.644466744401359426e-01,2.445530558660971021e-01,6.997154966016114752e-01,8.228846447622752969e-01,3.473679686674686629e-01,8.837303748990968932e-01,6.002998122372275036e-01,6.880769210051125295e-01,8.288877530630150980e-01,5.152508794456100993e-02,8.621334767193832294e-01,7.330498492973748226e-01,6.947709421909006311e-01,5.920130448963333292e-01,2.355659465880566295e-03,2.839662535457867509e-01,3.943784178442811816e-01,4.563739052932649365e-01,8.843399344990053867e-01,3.693261381607974014e-01,4.216774827855866992e-01,3.218991363313061793e-02,7.456268864242499017e-01,2.346659853393044948e-01,7.204062091208791596e-01,3.230302691335573684e-02,9.222748978805118680e-01,8.016274704437222898e-01,6.510614344063255787e-01,9.501712925423763112e-01,4.413407247793378341e-01,5.179462010357464008e-01,7.179844959622975198e-01,9.962185209730762825e-01,6.378023012637912270e-02,4.503370071261849628e-01,5.930097956865922892e-01,8.021982190475039909e-01,4.247271131553380652e-01,6.726816419639558564e-02,6.416261758035776142e-01,9.335556054479093868e-01,1.460754099822988428e-01,5.368841731393412253e-01,1.283671376553385812e-02,2.398348783158886777e-01,5.418704602032120565e-02,1.351886434646066837e-01,5.338906325469073844e-01,6.696937361646996267e-01,1.244328765448267093e-01,7.750080100602108057e-01,9.653307871465959256e-01,6.501064226332701201e-01,7.004412040891422331e-01,2.740915663054765972e-01,6.263364525113114256e-01,8.316889915351821649e-01,8.858926810543421571e-02,5.481813490394251698e-01,4.198895285030873614e-01,9.223357813336082733e-01,4.247492012594606958e-01,9.996573584996377715e-01,3.299757105259120138e-01,2.320227273564470227e-01,8.178683759185109148e-01,1.911133502188411271e-02,9.368382328842156381e-01,8.611306632533408667e-01,7.392306335506888537e-01,3.981063865255596301e-02,9.068817970374275506e-01,5.784972426289699543e-01
7.846890900696051885e-01,8.147578772821493232e-01,1.529905638688834335e-01,1.733507342260542927e-01,2.711922002389092201e-01,8.000023764172162766e-01,2.311244866769690542e-02,7.733552638795014866e-01,0.000000000000000000e+00,8.260942345889636940e-01,4.338456202826362906e-01,4.362616589422116942e-01,6.381672892725244184e-01,3.807438783295802320e-02,3.673999453885357092e-01,2.252860808794887593e-01,7.680496186481424736e-01,7.790523791834141898e-01,3.138333064779647019e-01,6.902397209907704667e-01,8.060406294160862295e-01,2.335965225688315661e-01,7.784026200391891415e-01,8.652735775615125746e-01,9.323632053662470609e-01,1.796477070503201823e-01,5.625791293546983374e-01,3.807766571887403195e-01,1.924788991921126957e-01,3.120751609263635595e-01,9.262093929557231320e-01,3.731164524362947654e-01,6.164656303022949535e-01,2.180966199120607518e-01,9.942956172515972080e-01,9.263519490800217193e-01,3.624515864815630595e-01,7.819636179592990288e-01,3.507485702935450034e-01,6.627973360013522663e-01,2.396842707218056479e-01,1.088199283480137947e-01,3.950850232267545392e-01,1.939595650726119169e-01,1.917005020716026076e-01,6.182597554850798316e-01,5.666296330694799988e-01,2.550601976280625349e-01,4.912950493953472941e-01,5.397320030498280463e-01,5.057633853999485840e-01,5.208688221639791172e-01,6.329054666618035840e-01,7.454749636262300028e-01,4.459256248622094354e-01,9.475271427723710449e-01,3.719604845032743468e-01,7.328458541734227394e-01,8.272451928054173065e-01,2.923656568429676694e-01,4.317402045056929483e-01,7.674717455833912627e-01,4.437166738653276488e-01,8.161236339511529492e-01,5.447681600577558569e-02,5.711604215469744394e-01,1.397125322101745448e-01,6.412441496538241470e-01,5.690367281619834738e-02,2.406749438216355674e-01,7.514142331321254087e-01,4.359257212872900134e-01,3.099316951403904286e-01,8.574879229276484160e-01,4.110539107586542729e-01,6.910474028680747560e-01,6.164697948222944701e-01,7.450739850278734755e-01,5.197661805658304601e-02,7.468840002795795741e-03,8.664214627646661393e-01,4.530702073532968388e-01,2.661927629481398716e-01
9.561222642538959038e-01,5.009420225380796232e-01,7.115670833821039487e-01,2.509541915100262921e-01,6.842533619537165546e-01,7.703194340551415831e-01,6.266588876554601839e-02,6.644466744401359426e-01,8.260942345889636940e-01,0.000000000000000000e+00,9.122674105624053453e-01,8.620953524487738884e-01,5.021477477003848389e-01,7.244755333213259707e-02,9.495839927706815065e-01,4.872928370884610505e-02,4.734753788466286029e-01,2.847587577621519817e-01,8.122308774846833668e-01,7.466384100552315717e-01,9.208009115445059400e-01,9.908415928510830861e-01,5.800227197193769113e-01,8.062104862857371046e-01,9.630522575360933590e-01,1.485024446975035106e-01,3.169731737322618592e-01,6.702795806726250527e-01,6.506204859285280584e-01,4.994341342407557782e-01,9.513131846537619118e-01,3.669260227898966109e-01,4.222256720737240787e-01,3.348536949033751320e-01,7.889430786913858018e-01,1.842798012838154920e-01,2.351441975588072220e-01,4.845493888021676909e-01,7.757159781371616436e-01,4.690001914410604211e-01,4.451992065938620291e-01,5.110213047887776083e-01,6.742749628284222529e-01,2.157752611036323209e-01,8.777744882287316086e-01,5.056710728822293444e-01,1.880820900795068251e-01,4.904507638506000466e-01,2.868128302121749629e-01,8.899423564956926436e-01,5.908321731609156302e-03,7.233340471449576370e-01,8.667109670159064416e-01,1.291302122003719077e-01,2.848305581849103207e-01,2.400532140853859353e-01,3.934318178008582301e-01,9.877807461984671189e-01,9.787448833861771558e-01,7.076822037676098187e-01,8.854141477475740984e-02,1.201414749925064918e-01,7.312424275873207202e-01,3.814763125272474520e-01,3.204224594526832171e-01,8.784754166690843524e-01,5.649492440788527192e-01,3.157013357754828720e-01,9.548179638739585640e-01,3.233253714767092557e-02,1.047632731507530668e-01,3.336523934192887619e-01,9.788195711434108937e-01,5.515280779944289336e-01,7.533115270738092173e-01,7.907180505570612361e-01,8.135498143129924475e-01,5.548342299503622455e-01,4.012456857350330530e-01,9.512730924105993191e-01,9.053601534016856300e-01,5.636684607074043951e-01,5.901499619486685333e-01
5.835291864992446786e-01,3.792371827850997690e-01,6.951100468719738634e-01,1.722780975887734378e-01,1.425647855412776055e-01,5.624839343141987413e-01,2.435631689809388822e-01,2.445530558660971021e-01,4.338456202826362906e-01,9.122674105624053453e-01,0.000000000000000000e+00,3.361990118980922038e-01,7.155865008164340457e-01,2.745889753725880844e-01,1.241945302595529599e-01,4.170877961432117864e-02,4.990292829735231139e-01,4.239053310715622525e-01,5.049912644258640615e-01,2.770497654186073744e-01,8.524949681126156031e-01,8.938783404396732912e-02,6.732747908537813908e-01,4.107125715801656085e-01,5.464766321112407566e-01,4.383123247594289396e-01,4.546549519691662766e-01,7.959950232314302321e-01,7.211866406324639600e-01,5.993939307334362754e-01,7.511348725862417863e-01,1.164536133569227250e-01,9.163922994647866194e-01,8.347081123348004672e-01,7.595184084443340478e-01,9.324656100628913036e-01,1.037560570168767349e-01,9.828595968155907636e-01,7.983224623584346258e-01,9.181828549162163178e-01,9.187972391139020978e-02,9.159726190941996915e-02,2.180118583191467119e-01,8.712337093123077025e-01,5.206779901316983539e-01,8.661534313447890598e-01,3.617186530027752811e-01,1.662698689562991383e-01,4.072530336216434454e-01,5.381060917735112081e-01,3.591591570925912746e-01,1.558357258108900023e-01,4.724322498010139482e-01,8.780232356636175073e-02,5.249294380706721608e-01,9.660043924300256712e-01,6.845738297325376642e-02,2.797339264320843899e-01,7.345930840254182304e-01,9.223919254195431794e-01,9.251963457046379347e-01,4.740202825849740842e-01,5.525066433569177926e-01,4.184167580294250177e-01,6.459366648936997191e-01,2.836446482311421047e-01,7.582900800977740996e-01,1.073751014366651768e-01,4.442990879520405390e-01,5.482419761233954247e-01,3.192984176349372705e-01,4.637023860789595275e-01,8.057649281682141007e-01,3.134548209610134029e-01,1.529870522312780645e-01,1.439954520592472420e-01,6.971080471894356423e-01,9.290581338728056693e-01,8.056209808653647109e-01,5.683361025256165044e-01,2.098145676440572593e-01,6.736572240318106086e-02,9.325757513301412560e-01
5.368129743183789326e-01,5.558441425165595584e-01,3.447009114532824103e-01,5.629051985504960331e-01,7.608279506944203296e-01,2.639769577987949312e-03,7.137310116014855543e-01,6.997154966016114752e-01,4.362616589422116942e-01,8.620953524487738884e-01,3.361990118980922038e-01,0.000000000000000000e+00,4.231009012207033182e-01,9.127566386262819798e-01,5.298178736075186412e-01,9.095793443350819185e-02,4.829648754047981551e-01,9.145940923472901662e-01,2.224221552986566097e-01,9.525246362652741716e-01,5.779625766576136359e-01,1.693162074333787182e-03,8.902308945398673679e-01,6.096604734876766019e-01,3.755079775118898011e-01,9.295696931513126593e-01,9.285864794278358980e-01,8.472953986760234368e-02,4.982016336801797785e-02,1.887801371047350685e-01,2.763028650367660433e-02,6.746340906449759256e-01,8.197848725285622473e-01,7.617468407881033965e-02,9.674321116898393358e-01,8.563530624526920487e-01,3.622899250115667602e-01,2.727486171927806513e-01,2.015411217127235366e-01,8.201645156666851344e-01,1.295398714969153708e-01,1.388351942918276682e-01,1.525354818022982561e-01,8.212221110916978484e-01,9.488356358641230059e-01,2.689087321033424294e-01,3.525330259573135061e-01,2.782296692495378476e-01,9.660111468328063111e-01,6.449697849370726876e-01,4.687149551400859870e-01,9.419872664271032869e-01,3.372133136758432848e-01,2.111957004497647672e-01,5.296283914680008920e-01,1.193189029020037539e-01,5.663009418137887607e-02,4.039183312543140891e-01,1.379928752736880870e-02,2.803020552210693239e-01,9.840303328295748608e-01,4.300993326607396305e-01,6.184524526815265988e-01,3.033229949145493931e-01,5.155753233540987246e-01,1.206762283073558040e-01,6.890906528765072814e-02,6.524122627253181594e-02,5.914539782002519175e-01,2.623367609191327166e-01,8.694474066966240144e-02,8.484838175872569943e-01,8.242747443909532734e-01,5.693039637080679061e-01,3.282985070937046723e-01,4.825715297298471818e-02,8.943449490466026663e-02,6.624635813126974471e-01,4.051613554123920657e-01,4.381295918530230260e-01,7.092814269914717862e-01,5.642017749867043186e-01,1.405954870956918068e-01
8.639065941903136814e-01,1.423048725731600461e-01,5.555592897258645468e-01,4.881677765886599518e-01,8.097972023793729157e-01,8.157917991652581247e-01,4.507269413536096891e-01,8.228846447622752969e-01,6.381672892725244184e-01,5.021477477003848389e-01,7.155865008164340457e-01,4.231009012207033182e-01,0.000000000000000000e+00,8.871993088397727156e-01,2.093115393466612462e-01,4.258488346054846163e-01,5.596146708998306352e-02,5.086622531472728692e-02,4.606611942948093397e-01,9.556546102890034478e-01,9.130949590512329461e-01,1.266152668603057752e-01,7.891643196476352262e-01,7.106769965699988312e-01,4.523035005618173399e-01,7.514916250097779526e-01,9.379304843648786916e-01,3.674016704539633249e-01,8.752541530899281552e-01,4.003430681965279847e-01,6.714862241837094015e-02,3.221518208723624932e-01,2.962144301027974658e-01,9.808917652996294034e-01,1.024165493830898610e-01,6.234563128645080887e-01,8.857477531956853278e-01,7.661426399272787124e-01,6.872668155505091692e-01,9.097105906758266025e-01,3.393577910016095656e-01,9.541215612300072424e-01,1.080262235950886218e-01,6.553681662944771391e-01,6.252986436178933349e-01,5.791841454841019088e-01,9.542422219906225855e-01,3.309602335491483860e-01,1.538698079955054254e-01,4.462836397101543895e-01,4.423413094007453417e-01,4.900108589576704921e-01,6.479427657444547517e-01,5.566297230932113482e-01,9.305436490214104017e-01,2.537156332862694486e-01,5.096640722834990811e-01,9.649890517305772519e-01,9.270088890579973873e-01,2.951431739802310439e-01,2.759381548342179080e-01,1.912913824640130045e-01,5.286992749017116466e-03,4.184632636560238206e-01,5.453895436482688597e-01,8.993692006369476966e-01,5.870425753083977627e-01,3.511163857261782040e-01,2.141541699315115954e-01,9.659068678235731564e-01,6.064516140671590838e-01,4.635657500124572561e-01,7.766705395413274760e-01,1.606828727624265429e-01,8.530834066179031616e-01,8.327013010112738201e-01,9.178146814345299331e-01,8.938922755547750176e-01,6.026614772463512182e-01,7.247435203361377587e-01,5.542342457952498247e-02,4.309231612351881457e-01,5.559561954841877318e-01
9.581516562136562776e-01,8.360138647062789197e-01,2.630216632969238910e-01,4.540524031525207116e-01,1.883496003593232437e-02,4.995601561145790459e-02,7.168425276040848448e-01,3.473679686674686629e-01,3.807438783295802320e-02,7.244755333213259707e-02,2.745889753725880844e-01,9.127566386262819798e-01,8.871993088397727156e-01,0.000000000000000000e+00,2.908444576001091297e-01,8.166325736952980696e-01,7.285166212520381990e-01,3.630927750671161247e-01,1.380012301002898623e-01,2.442794509106143153e-01,2.153009883437930760e-01,5.939607856717676881e-01,3.978511630859962178e-01,5.136730590596871870e-02,9.599045118304978530e-01,3.859423736032741026e-02,1.371375860543161407e-01,3.751557576375874614e-02,2.830360171583790052e-02,4.576759280012693276e-01,7.420184947127728137e-02,3.480757600911734695e-01,1.038699093083268465e-01,1.574478144155511128e-02,6.518427920207402471e-01,8.708304791275955914e-01,3.010169727219389468e-01,4.301431733284274417e-01,2.239636509013999133e-01,4.008445503347836114e-01,8.204910144662147520e-02,6.759334741952444103e-01,8.840334851304717523e-01,8.387132123496098268e-01,1.318704702694218911e-01,2.147784032316819580e-01,8.996006649195006366e-01,5.082723322370152896e-01,8.600983996127143927e-01,9.530275310135895017e-01,7.510596919322312104e-01,8.926877344482999632e-01,6.285131671859633951e-01,6.862030104046163981e-01,5.288901195334962946e-01,2.589534489949689711e-01,7.655400777680475555e-01,9.515945950968853762e-01,5.460483993946041448e-01,2.927017065684256458e-01,7.721459058033154355e-01,1.702028536962066907e-01,7.392954078809286234e-01,8.437417316191658800e-01,5.312711585452899454e-01,1.465859440432591976e-01,1.456963211448107920e-01,6.202975356710597188e-01,9.184436975302150419e-01,6.544308287320985684e-01,8.428907752793171060e-01,2.291932432055709956e-02,2.198706136669831279e-01,2.906559274274325144e-01,6.802951624284108156e-01,4.081291555664567916e-01,5.201665526284631191e-01,9.542718091321237273e-01,3.317937225853264671e-01,1.125038228222081660e-01,4.835714460981704876e-01,1.204401967765175163e-01,8.744673324581111462e-01
6.203344175081533241e-01,7.305136948808998998e-01,4.787684925304517281e-01,7.650615549729888887e-01,3.736774682059671449e-01,4.449862960977792881e-01,1.440009448886629961e-01,8.837303748990968932e-01,3.673999453885357092e-01,9.495839927706815065e-01,1.241945302595529599e-01,5.298178736075186412e-01,2.093115393466612462e-01,2.908444576001091297e-01,0.000000000000000000e+00,8.575898105050242526e-01,7.396040079396045686e-01,9.052632687554355018e-01,5.917184069595253781e-01,4.870485358600917802e-02,2.759541288291879058e-01,8.112988206518508827e-01,3.624789487858841586e-01,9.445140366727480252e-01,6.687724240452044278e-01,9.486496401359733044e-01,4.579663421099566811e-02,5.252328807127391030e-01,4.373104239170735319e-01,4.213071312035734373e-01,5.977612984378533056e-01,3.170947218628324960e-01,9.940812928260847059e-01,1.861082249700973801e-01,4.622933313470307670e-01,2.556878835376795722e-01,9.087685158389698925e-01,3.845971167992173756e-01,4.811206910272344262e-01,8.942739003534185827e-01,3.849732833555083999e-01,5.403332642786591311e-01,7.883993289864696941e-01,2.247547037485581045e-01,7.627618875111925600e-01,5.832610614631904555e-01,8.717890202429682267e-01,3.550057255554364133e-01,8.224998514389091353e-01,3.869835706643423023e-01,9.173018771956333861e-01,9.612648891006259078e-02,3.673587321867984867e-01,8.392371968943374005e-01,8.123618613017929979e-01,5.984518383470801561e-01,7.844906662581139223e-01,2.042816542505042632e-01,7.142782764390782635e-01,7.532499049659212575e-01,7.463419002681332959e-01,3.615143623813112939e-01,7.935396784281557592e-01,9.434614666085007206e-01,6.226207521408498868e-01,6.854709342357971913e-01,4.224812631168963772e-01,6.471885473874321448e-01,2.161863640256073138e-01,8.062695750644389703e-01,1.160150548678644533e-01,8.455713979719151618e-01,6.426948803672793975e-02,8.681248954007358964e-01,2.574374464170764432e-01,5.620725197097415915e-01,1.564487725451819689e-01,5.853568369181345599e-01,9.175163701958383156e-01,5.186049615755398134e-01,3.647750736855942533e-01,3.256501767861355034e-01,1.078662635475842180e-01
7.466963910586684738e-01,9.187394251911705778e-01,2.470626770718765686e-01,6.847909600047079604e-01,1.983633077060354966e-01,8.218105329243940993e-01,4.373102445052389209e-01,6.002998122372275036e-01,2.252860808794887593e-01,4.872928370884610505e-02,4.170877961432117864e-02,9.095793443350819185e-02,4.258488346054846163e-01,8.166325736952980696e-01,8.575898105050242526e-01,0.000000000000000000e+00,7.671543689313727876e-01,3.638430778751312600e-01,7.690127820974581585e-01,1.527235554579494670e-01,1.508049296691834629e-01,7.762192638034046688e-01,9.214275018022795027e-01,6.849700805638025969e-01,9.195289842889889931e-01,6.518311078045396778e-01,1.421378032572294670e-01,6.033495145425449291e-02,5.875866442850211646e-01,5.689372394980881653e-01,9.171261385631934715e-01,5.392031233549466895e-01,1.014289939995444145e-01,1.581992765109104804e-01,4.560816588705113306e-01,3.516058379028569325e-01,5.554751420221279989e-01,3.146207178301579921e-01,3.099633589521630928e-01,4.495394860471801923e-02,3.482976073099912639e-01,4.819448201526126407e-01,5.384677863590343616e-01,5.681354566471066292e-01,8.292001816350998977e-01,3.700692871865064459e-01,8.648612663345848217e-01,4.512368446051897575e-01,6.280894143869343305e-01,9.188180619348770284e-01,2.966616340789648421e-01,3.532143452958990126e-01,1.795711120667869976e-01,7.203269839140187258e-01,5.411711395742158093e-01,1.889949264121086880e-01,9.532328271961300059e-01,8.587120764030357067e-01,9.833720429801410257e-01,2.608197376281148339e-01,4.426075395090723896e-01,7.573509777518339092e-01,5.950132096064326692e-01,1.301262089300205815e-01,2.420047345654277038e-01,4.358797005799674995e-02,3.483639848038342368e-01,2.945343364666517250e-01,2.518313883581476675e-01,3.768507358868947721e-01,3.686395226482231946e-01,5.619255082412440983e-01,4.113637552872406733e-01,9.620496406122021060e-01,2.820376572834095708e-01,3.011064717956332126e-01,2.900102275360281201e-01,6.770883629871180531e-01,6.143119072188890639e-01,5.757341744048015686e-01,7.893017852546998503e-01,4.513935045418392411e-01,9.531056300034395079e-01
1.275267548027289033e-01,8.572085556012087881e-01,3.517208591941938245e-01,6.555742904201611321e-01,9.187913060957303424e-01,4.359509079311419955e-01,4.120793928792996219e-01,6.880769210051125295e-01,7.680496186481424736e-01,4.734753788466286029e-01,4.990292829735231139e-01,4.829648754047981551e-01,5.596146708998306352e-02,7.285166212520381990e-01,7.396040079396045686e-01,7.671543689313727876e-01,0.000000000000000000e+00,4.507813532491129482e-01,4.404582973092221465e-01,1.061284620007985069e-03,4.468215347481876432e-01,4.406598867115988361e-01,3.189574383271838176e-01,5.413409208424690977e-02,4.735955655192140012e-01,4.764655908134096673e-02,3.420602857496657379e-02,1.360868268738202325e-02,9.318733726709275134e-01,3.427212659468954481e-01,1.000362949117686862e-01,2.382560161865434623e-01,9.355710683702576080e-01,3.872951520310100593e-01,9.300983349466368511e-01,4.639346712174807763e-01,1.700868286553680608e-01,1.346343551798736549e-01,8.523499467303208288e-01,2.104809845285549041e-02,8.083127873156860099e-01,6.252403974348931248e-01,8.369697302382157478e-01,9.433284705773835599e-01,4.974798933960151714e-01,7.907330518598713054e-01,6.753439086190275997e-01,1.494991592151803106e-01,7.954441793024611407e-01,6.474987454576982548e-01,3.482966466703345532e-01,2.998778212947472710e-03,3.633131543748857606e-01,5.792288211243084017e-01,7.565188579123057755e-01,8.115402869374426231e-01,2.160486721911589747e-01,8.083556525651166558e-01,3.097244839275832273e-01,5.692132248895875879e-02,2.058440698671298863e-01,7.537575410565183764e-01,9.409976451102737283e-01,2.939614059423002468e-01,5.803420970243386989e-01,2.558695865874893727e-02,2.377201626086873354e-01,9.761317755337972635e-02,5.347389393646765354e-01,6.573319018053462859e-01,7.188164230158385903e-01,8.200691918239086942e-01,3.746461915523960906e-01,9.470505260851660445e-01,4.838493445342162413e-01,3.319342975908053939e-01,8.015719641617405911e-01,9.681640757851747159e-01,8.634890935822497893e-01,2.943194630760044284e-01,7.182706447908158154e-01,9.760259358280762854e-01,2.991525474069847146e-01
2.821195269373115710e-01,3.100076795298878363e-02,8.509170903279281717e-01,7.363826218691836845e-01,3.505449069899813086e-01,9.836683029185205873e-01,6.380639802097080038e-01,8.288877530630150980e-01,7.790523791834141898e-01,2.847587577621519817e-01,4.239053310715622525e-01,9.145940923472901662e-01,5.086622531472728692e-02,3.630927750671161247e-01,9.052632687554355018e-01,3.638430778751312600e-01,4.507813532491129482e-01,0.000000000000000000e+00,6.122119953863247588e-02,2.086763469740127164e-02,5.063140213512823395e-01,4.703108395514937756e-01,5.965984954868142065e-01,8.631761201711093401e-01,4.796078031580369716e-01,8.436335088537115778e-01,7.704676484776796785e-01,9.816013223104438357e-01,7.384460545660757047e-01,8.260612940215562583e-01,4.746659236210950539e-01,3.557898525563166769e-01,3.616801023000008053e-01,5.134998062014012321e-01,3.652930410609955825e-01,8.762175171736854562e-01,1.328108960807964367e-01,1.521127241281845510e-01,3.434474640591067551e-01,2.513252998503203717e-01,1.842220155805528448e-01,1.210527093849534941e-01,4.627011155133876619e-01,1.909960244805787299e-01,4.984573957502778097e-01,6.163210108993041336e-01,7.480296410737697910e-01,2.926502294703871021e-01,5.947735983281243755e-03,9.158583765684759070e-01,7.776858881458307282e-01,3.837254476802332004e-01,7.022567920561840760e-01,4.271375779506688675e-01,2.075593260506860549e-01,8.998370257500878377e-01,6.480290473697319920e-01,7.965269693613991064e-01,1.239013451066595106e-02,5.864495741769907289e-01,2.675872426609343657e-01,7.382127457669203086e-01,3.710579604283363864e-01,2.160689525209759099e-01,5.467289070250176408e-01,4.702049028461718905e-03,7.309660786250737896e-01,9.731553246129835966e-01,8.265218694573716052e-01,7.185722489824547532e-01,5.334529124499963748e-01,2.015235926773983888e-01,3.821699612944655655e-01,6.288053031769343937e-01,2.823067784977114636e-01,7.857096105082295168e-02,4.090316773811214501e-01,3.697122706283207938e-01,7.025810319785280589e-01,6.232122771085439883e-01,3.170154465681385147e-01,8.840337549515733251e-01,8.881416648261456492e-01
3.154282088543677309e-01,3.434742225038461827e-01,8.696163125786119386e-01,1.011918202557080537e-01,6.221776069995846870e-01,5.632255098715260866e-01,8.607065607790091999e-01,5.152508794456100993e-02,3.138333064779647019e-01,8.122308774846833668e-01,5.049912644258640615e-01,2.224221552986566097e-01,4.606611942948093397e-01,1.380012301002898623e-01,5.917184069595253781e-01,7.690127820974581585e-01,4.404582973092221465e-01,6.122119953863247588e-02,0.000000000000000000e+00,8.029011941089695403e-01,5.918997606459149852e-01,7.160934145104957960e-01,6.352636568592040511e-01,3.605675299186634764e-01,6.602648527576492343e-01,3.919679119496354280e-01,3.008619291245406835e-01,6.305693238432763525e-02,3.592397085624103870e-01,7.678264511797291414e-01,1.700833569898650977e-01,7.555638993727445962e-01,1.080927010265266830e-01,7.866762914969868126e-01,5.912677498937447540e-01,7.295417522537899213e-01,8.162431692473778311e-01,5.396123550102751576e-01,9.938416992443082076e-01,1.212675712964184083e-01,2.258435752352467851e-01,6.320224426685305819e-01,5.434687279545105110e-01,1.379132836391092631e-01,7.932645625821403979e-01,6.721373689831500187e-02,6.648270615857909682e-01,7.906333888985580538e-01,4.062554440133007150e-01,6.709169513183382838e-01,1.284390919499411865e-01,6.432837243606132072e-01,3.860989734897878334e-01,8.645365974318059976e-01,9.986175545215514315e-02,2.040551177490633750e-01,8.438938050379993783e-01,6.999194245781296120e-01,9.991421010895080723e-01,6.638272128097708613e-01,2.988813151892779629e-01,3.195173518300988835e-01,1.150537066582981716e-01,4.346923349077083110e-01,4.347096428103544019e-01,9.343739610437772347e-01,7.658547567985685145e-02,1.558785307316429281e-01,9.175316931768318085e-02,2.006559059889027052e-01,2.872384641572062192e-01,5.371363771087331873e-01,7.438595778258730862e-01,5.835373539695996037e-01,3.687816547524443989e-01,2.442077959601623993e-01,5.253568009128254390e-01,3.341708651915047401e-01,6.188459998441390164e-01,2.142429863509988097e-01,7.779627940022414423e-01,4.405203340279965074e-01,5.235021673688433630e-01
