0.000000000000000000e+00,9.861355137662021209e-01,7.732680667249000050e-01,6.889019755043851445e-01,7.105971434449065427e-02,4.188340864444468625e-01,7.162142992483667703e-01,1.047789518484520954e-01,9.602303032416632522e-01,6.086159717677718239e-01,5.223623763914686524e-01,1.462212084759192399e-01,2.286781987901577162e-01,4.733613714838136310e-02,2.729894480245036448e-01,7.283157684864476344e-01,4.709406261883365419e-01,2.568879980202600777e-01,8.423273453202432259e-01,7.859627794985032390e-01,8.112380633296025767e-01,1.410983144330135719e-02,4.562969958141614990e-01,2.951298300417186660e-01,3.090087250207970149e-01,6.330986544905492508e-03,8.740655186019312683e-01,6.534622663552540622e-01,2.336171033314793366e-01,2.671414438581185546e-01,7.523733833765778867e-01,6.729701189915950899e-01,5.945504848452605184e-01,4.821214141614154070e-01,1.971141883909184322e-01,3.306739768935309520e-01,6.187489478597549830e-01,2.474440078326456405e-02,5.376649557418554659e-01,6.974005907009633853e-01,1.049778722631866668e-01,8.173070824668564605e-01,3.261429540517835068e-02,3.146838624740627699e-01,7.726270227149869552e-01,6.047671334173175817e-01,4.425269622348019238e-01,6.646368115160291579e-01,4.015993533112207636e-01,9.962921675948904765e-01,8.564017871905449386e-02,5.780407631521248257e-01,5.207680995969101723e-01,3.502717994024874271e-01,1.531588240259936784e-01,6.666858860070886683e-01,7.789127519904772701e-01,8.773129509202748366e-02
9.861355137662021209e-01,0.000000000000000000e+00,4.781809205787450612e-01,2.545820092971425863e-01,2.364690348125859654e-01,3.657490780009682307e-01,1.049172377489188124e-01,6.596705784732067590e-01,2.540437871633384193e-01,9.811009459190351834e-01,7.702253263494738267e-01,4.225637917032923907e-01,3.916885388107868016e-01,4.467557188058959294e-01,7.796770518138897987e-01,1.219869935484962920e-01,1.303979655335271159e-01,7.375343602930531928e-01,6.074800969832150344e-01,7.508155485968177612e-01,5.369989450935231945e-01,6.286057594394571790e-01,9.035892420478590648e-01,3.237290128227277020e-02,1.825516957360655557e-01,9.099239247832272559e-01,2.271491099717360962e-01,6.388198456920468615e-01,3.273881727717731227e-02,7.443587272376978037e-01,1.409512203537456321e-01,4.807962475791012213e-01,8.109011762255443623e-01,9.680147935006010451e-01,8.404201192945246479e-01,8.750505314664426271e-01,4.380042603983554939e-01,7.863861111371772683e-02,6.636461529906748646e-01,9.029098512913721342e-01,3.907553381622980160e-01,3.605562707242857545e-01,8.406118052310667110e-01,4.404934205861209540e-01,2.666317273322592607e-01,9.163420198576760489e-01,3.920691273045684433e-01,7.148634762982064572e-01,6.923302873070111829e-01,1.317803096032610366e-02,4.920750974840508718e-01,5.190473826971041538e-01,2.719587542733190588e-01,7.423501065796046516e-01,1.263374761949385139e-01,4.885337262516808998e-02,3.969576641245157189e-01,4.577104623480184875e-01
7.732680667249000050e-01,4.781809205787450612e-01,0.000000000000000000e+00,9.145880772792214231e-01,7.036054264577561446e-01,9.748434269950071451e-01,9.854492920975403969e-01,8.095891252900421220e-01,7.695707426410564045e-01,9.783340760558588700e-01,2.944187755401607154e-01,3.152618138529632574e-01,9.122580916468465695e-01,3.796959016809182685e-01,2.825924744528652832e-01,7.086847383529101263e-01,6.822743851008462590e-01,3.555288609345254036e-01,3.977412419812412780e-01,2.231800504741243696e-01,5.906633257159875638e-01,5.012862369471265955e-01,8.098437413008420238e-01,7.007589765299563345e-01,9.055153459277830441e-01,1.896936731398695120e-01,7.828467497090014771e-01,4.548642447615518503e-01,4.017434784432346584e-01,7.669120356635321656e-01,9.154645379684183126e-01,6.628369243001366318e-01,5.422354581490601566e-01,3.330344119373737088e-01,2.664115022447862691e-01,3.642711866195699200e-01,5.229833330548183667e-01,4.324229912662486131e-01,6.644899400624483254e-01,2.307489347236442168e-01,4.789021212597637245e-01,6.797392239232371569e-01,7.106298787358001912e-01,8.659759216185015651e-01,8.168911951514167269e-01,5.754172761152863691e-01,5.794188923344500974e-01,8.532946244989965123e-01,7.055971618004863721e-02,8.152589085594940110e-01,8.973107821832497777e-01,9.052904974715869635e-02,8.501155061974254856e-01,7.951453844687306205e-02,3.994381731092289112e-02,9.568689571264636928e-01,5.322756997929942724e-01,5.902628749165979016e-01
6.889019755043851445e-01,2.545820092971425863e-01,9.145880772792214231e-01,0.000000000000000000e+00,4.996490149270649272e-01,3.026270029338805623e-01,2.138533153346844351e-01,4.025036412711067157e-01,4.122564106780567394e-01,2.399320498484155406e-01,3.989290315999449721e-01,9.943745919140122291e-01,6.486733489386853346e-01,2.610311811103578350e-01,6.948167285717308239e-01,5.024384565291397653e-01,9.541757715045786625e-01,8.445253542275374947e-01,3.252397707700382945e-01,2.763994071700794919e-01,7.323458079431847123e-01,7.719488127482261319e-01,4.833764202218387984e-01,6.093524486628398851e-02,4.497139241558022471e-01,1.876905560513908444e-01,3.840843130479688616e-01,5.484774947052557525e-01,3.801387643236386893e-02,1.518452700513075460e-01,9.540026534506698130e-01,1.863711566143214649e-01,6.647097179743940432e-01,7.925890896441887268e-01,8.146770791674686762e-01,8.419237732370682403e-01,8.103475281886510784e-01,3.299527847743918274e-01,1.249323084721252197e-01,1.331414682688799589e-01,6.759475217464120389e-01,5.665420211221580127e-01,7.267444116632340023e-01,7.162268110555418676e-01,5.092515482869401922e-01,5.429214785917304553e-01,7.838282415305590778e-01,4.831625820925292691e-01,5.667788785745492275e-01,2.901491061209159339e-01,1.763891890668171092e-01,2.255654969562432832e-01,6.635431883892773941e-01,1.497624122703475891e-01,7.337414860527500249e-01,8.367830007620794541e-01,5.006100844721775855e-01,4.399914675139426912e-02
7.105971434449065427e-02,2.364690348125859654e-01,7.036054264577561446e-01,4.996490149270649272e-01,0.000000000000000000e+00,5.395707864590113534e-01,9.889163302882674200e-01,5.000934716809505298e-01,1.863073022187166083e-01,3.222934114852118448e-01,4.866159487611205758e-01,6.764931221891024027e-02,5.314474167562566187e-02,1.111779878970158286e-01,1.555161428590290384e-02,3.178911766701731922e-01,2.560080911378237456e-01,2.312659039265594352e-01,2.046123342838934711e-03,6.162813483615215970e-01,9.137982463268509159e-01,9.487600620657147266e-01,2.704962518292268747e-01,6.209710811720094981e-01,7.633630542499852956e-01,8.316312685684391637e-01,5.292953718073922786e-01,9.263900792430090902e-02,7.641038026752233758e-02,2.148713471145698994e-01,9.323746321647798929e-01,8.819968171018236491e-01,3.313296600795962998e-01,5.005102531205746219e-01,1.622951368111896775e-01,3.504495628948595121e-01,9.055432919706520867e-01,5.528349308499005410e-01,4.852246319921875717e-01,6.865275714688996445e-01,3.235099116506405803e-01,6.458464157454324450e-03,3.944178057371323654e-01,7.573395367790637378e-01,4.918503334430992524e-01,6.583649182673952938e-01,5.799507241137926705e-01,8.395206849010462546e-01,6.962168128364618624e-01,7.633470974811626952e-01,7.192891644448964339e-01,6.862448022804822356e-01,4.106255897445548753e-01,4.188302266768587634e-01,8.279463054623487084e-01,6.012583301283688231e-01,8.267088690183314048e-01,9.065592793746004574e-01
4.188340864444468625e-01,3.657490780009682307e-01,9.748434269950071451e-01,3.026270029338805623e-01,5.395707864590113534e-01,0.000000000000000000e+00,4.422093039197323439e-01,1.731452262264998598e-02,1.371312078954355362e-01,3.451504491691835819e-01,8.804444797990108595e-01,3.907008394275712782e-01,4.224507723784921565e-01,8.369228757199309587e-01,6.172389341555269970e-01,5.475129648190929510e-01,2.064929334248349901e-01,2.027818268705708915e-01,4.421113332088399961e-02,1.345048337073343481e-01,1.267946219186760759e-01,5.963148269545081037e-01,6.180641480160803392e-01,7.675281986072919338e-01,9.251513652165945789e-01,4.950481330993249385e-01,3.138139882314372464e-03,6.623195485385322545e-01,8.183765984566514495e-01,8.473688196058887234e-01,4.279972091683893476e-01,3.725381110887404645e-02,5.755655007583881932e-01,7.768330982484136227e-01,9.822000638077598156e-01,9.415052749372987417e-02,9.211431022450414785e-01,8.984316514240819895e-01,1.665004455273989548e-01,3.864331925171369253e-01,9.753273091792692417e-01,2.265464112181992951e-01,5.801534532659622379e-01,9.443061820225906455e-01,9.868332907768144757e-01,4.634401226105185900e-01,8.686788810333149202e-01,3.530399467461008411e-01,5.284767926845052033e-01,3.354758971707053616e-01,4.379498442327236507e-01,8.747503657130986099e-01,8.474044475067790128e-01,7.353637169760829373e-02,2.535622067406795299e-01,1.438667572836369590e-01,6.078141855207607192e-01,7.438581206038125115e-01
7.162142992483667703e-01,1.049172377489188124e-01,9.854492920975403969e-01,2.138533153346844351e-01,9.889163302882674200e-01,4.422093039197323439e-01,0.000000000000000000e+00,5.398845439366258825e-01,9.511723262212361529e-01,9.921473335164073815e-01,9.059668935993701044e-01,8.541152785972632167e-01,8.682131325514672593e-01,7.974892432107369977e-01,9.069865672764344522e-01,9.796071487368204211e-01,3.868737249082125906e-01,8.646883411546051335e-01,1.712807046435634861e-01,8.031479516316381018e-01,4.683366159734988488e-01,1.491086479881342797e-01,3.983547841256021016e-01,9.031479907181819700e-01,6.680113938606063728e-01,1.823927141961642073e-01,3.524002646646771097e-01,6.721696401301952006e-01,7.476821933478094984e-02,8.728106842201952542e-01,5.750300866429298718e-01,7.420210208039093036e-01,5.084804552318193949e-01,5.491876056450935017e-01,3.834150008003622823e-02,1.371026601428804170e-01,6.464169766550491580e-01,2.476444337653891381e-01,8.412456312951073212e-01,6.967392424873242174e-01,7.308497251889998214e-01,6.896756149994297536e-01,1.957007349664339202e-01,2.404474520463137921e-01,6.117377928981200252e-01,2.885698048831352169e-01,8.284354088504924940e-01,3.525625055733843105e-01,7.032473415983246934e-01,9.760293736858460800e-01,5.739826451695073661e-02,5.226496896440842033e-01,5.708640675230586270e-01,2.497284653559584955e-01,5.526584813537838148e-01,7.122719629959650689e-01,9.799527096884985689e-02,6.913135719193900242e-01
1.047789518484520954e-01,6.596705784732067590e-01,8.095891252900421220e-01,4.025036412711067157e-01,5.000934716809505298e-01,1.731452262264998598e-02,5.398845439366258825e-01,0.000000000000000000e+00,1.452476338009036638e-01,9.483890356359179208e-01,2.328953108714565401e-01,9.853998803849532973e-01,7.550231771010814663e-01,6.047287147824581544e-01,5.880502875963977694e-03,2.486850080982057065e-01,2.195240443541071063e-01,4.171561866980592059e-01,7.651162660371875202e-01,2.295332416673647735e-01,4.291963422020678154e-01,1.746699466708263593e-01,3.216054586867380660e-01,7.548378165953195662e-01,8.088570124856864219e-01,7.109638361055914402e-01,1.422622396503128162e-01,8.170533943939037869e-01,3.596756166779991881e-01,3.047190276225059113e-01,5.273413694224651227e-01,2.380744252462906330e-01,3.488570702439870441e-01,6.240490707947954352e-02,9.498737364933893534e-01,5.751906133119664144e-01,7.554102742477086796e-02,3.423469471902761407e-01,7.429411285282272459e-01,5.293085659430426526e-01,4.381380145377500313e-01,2.311042758411701037e-01,8.039239379386606821e-01,5.598633152873730978e-01,2.457102488118780848e-01,3.230246982639449760e-01,9.139205250448132478e-01,6.887540224332378003e-01,6.690741517332932098e-02,9.304610811071487575e-01,6.776269914945108885e-01,7.824852524326264547e-01,2.879537132962289858e-01,6.401083358317352090e-01,1.403452691393420881e-01,5.493277449401019474e-01,2.194340174236253382e-02,2.946982001432203457e-01
9.602303032416632522e-01,2.540437871633384193e-01,7.695707426410564045e-01,4.122564106780567394e-01,1.863073022187166083e-01,1.371312078954355362e-01,9.511723262212361529e-01,1.452476338009036638e-01,0.000000000000000000e+00,9.033288984945833100e-01,8.968555129592701292e-01,2.744093328739576343e-01,6.664490769609299203e-02,2.327273559835030259e-02,3.065822833830412764e-01,9.858312471947747735e-01,2.032150392661161709e-01,5.150811681959602817e-01,6.050401276516792493e-03,7.843679508085361629e-01,6.623986628741070914e-01,6.853074305260348220e-01,3.203847519053252269e-01,8.100846793475914298e-01,7.140542331142767374e-01,3.468347896974677269e-01,6.130606491209821263e-01,9.206087779351871392e-01,5.190624465088479189e-01,4.356886977320091336e-01,7.533888825709338377e-01,2.885303983944488282e-01,4.878050369556843346e-01,3.389848031190345612e-01,9.140972304896308742e-01,2.863681611088803036e-01,4.926342978381571536e-01,3.891162657371762812e-01,4.248471434758231968e-01,8.152833266179781990e-01,7.501134761701288012e-01,2.145033621939580470e-01,1.689198454931388760e-01,1.234377044500967191e-02,6.651497990785008030e-01,8.552603865278582962e-01,7.399192340170899218e-01,3.284193389501278704e-01,6.683024645648427686e-01,4.926333744147958216e-01,8.809096570463721410e-01,5.350764139799145669e-01,2.738609085471800375e-01,4.011270351850343419e-01,7.390278778865555509e-01,4.613111345853135870e-01,2.176889308704748061e-01,8.380897123051249675e-01
6.086159717677718239e-01,9.811009459190351834e-01,9.783340760558588700e-01,2.399320498484155406e-01,3.222934114852118448e-01,3.451504491691835819e-01,9.921473335164073815e-01,9.483890356359179208e-01,9.033288984945833100e-01,0.000000000000000000e+00,6.484872846907190347e-01,9.392336355888132315e-01,3.407474834360477711e-01,1.671934831304561220e-01,6.664951718673467473e-01,5.080900173937339392e-01,8.150377470645331357e-01,2.233867110047050852e-01,3.341229349804895055e-01,7.449195867085730560e-01,4.345586847684974607e-01,8.651077030333350626e-01,4.429503727838204341e-01,2.665364350707544183e-02,6.536517427713990358e-01,7.666337587122412645e-01,5.440145973411584235e-01,4.380520669188094907e-01,8.688933990338121305e-01,1.955012624495435780e-01,8.307085835243813721e-01,7.088416117318581122e-01,3.200231384947940239e-01,4.189648035927407976e-01,3.262682392482317839e-01,1.719376897128643833e-01,2.553175916725857197e-01,2.085514750957747632e-01,9.466375275466043515e-01,7.334803979062098911e-01,8.414598736089538011e-01,5.801480902179300125e-01,3.741577611977674467e-01,7.074957174174989483e-01,6.575077564068395608e-01,1.585631902143987970e-01,1.832157043124360563e-01,9.757379319558926456e-01,4.449202233823644770e-01,4.336215920676361746e-01,8.554334926764531888e-01,7.816779955821847592e-01,9.179667433683480482e-02,2.058238897292863356e-01,7.607409117038819168e-01,3.827950971566490557e-01,7.262434245204173466e-01,6.478505493417002770e-01
5.223623763914686524e-01,7.702253263494738267e-01,2.944187755401607154e-01,3.989290315999449721e-01,4.866159487611205758e-01,8.804444797990108595e-01,9.059668935993701044e-01,2.328953108714565401e-01,8.968555129592701292e-01,6.484872846907190347e-01,0.000000000000000000e+00,4.419376278698390337e-01,6.290118920924108181e-01,7.374919171123056616e-01,7.287906053322357192e-01,3.361790312552495053e-01,4.498661782894913808e-01,1.599584479404581039e-01,5.124101395418743099e-01,9.593550556133781937e-01,6.015381835901847385e-01,3.755000762550797511e-02,5.125167212805717964e-01,2.372474368738207717e-01,6.866365381058207040e-01,3.345594642517906170e-01,6.512981365486264496e-01,1.870885003800860646e-01,8.493887351570279520e-01,1.044953892104583115e-01,5.588755080970884137e-01,7.626122754811548443e-01,8.632451354029890833e-01,7.968510570815534599e-01,9.574761257872970166e-01,3.885366907846574680e-01,2.140223439581316889e-01,9.498344245535367270e-01,7.594071270437977583e-01,8.921315520409799360e-01,8.934657614392986780e-01,5.404544724231818975e-02,8.793320132613429152e-01,5.206835154332483118e-01,6.080464050953587885e-01,8.757421008266340623e-01,5.721263752584894169e-01,7.357430241075941790e-01,9.085859303072785220e-01,4.928378494381278063e-01,8.732898629700865945e-01,9.349973383180045783e-01,7.529817610836690989e-01,8.557985777182015585e-01,8.942248232730413138e-01,8.035212037680053987e-01,8.342942816950548179e-01,7.253101619422842594e-01
1.462212084759192399e-01,4.225637917032923907e-01,3.152618138529632574e-01,9.943745919140122291e-01,6.764931221891024027e-02,3.907008394275712782e-01,8.541152785972632167e-01,9.853998803849532973e-01,2.744093328739576343e-01,9.392336355888132315e-01,4.419376278698390337e-01,0.000000000000000000e+00,5.192840562309172237e-01,1.175661860986484397e-01,9.063689708513272825e-01,8.453998069301591478e-01,9.978589715497789836e-01,5.807246706790969437e-02,9.407859981982208408e-01,7.223836811116899348e-01,5.755875781105050937e-01,3.841569137775195930e-01,9.112230975314788983e-01,7.438135503468777943e-01,8.907221209428219932e-01,2.406337589813741795e-01,6.746179137501008283e-01,9.077748794534147292e-01,9.976734185158526724e-01,4.695334623736039381e-01,2.006475753978823606e-01,3.536793406675912133e-01,6.051816253941721957e-01,9.610552774557178379e-01,9.876940654530028674e-01,1.464569927595643639e-01,4.113493964492015431e-01,7.431650256462414283e-01,8.636032514032256913e-01,4.360819096452184240e-01,8.111890885948886964e-01,8.421966866016719067e-01,2.719649481338790586e-01,4.062156129808769389e-01,8.509558451044824112e-01,3.800712543870198301e-01,1.070214695947958594e-01,8.688743761891671857e-01,7.671103541584574081e-01,1.367263905223708997e-01,3.023401502521295692e-01,2.643136735475450916e-01,7.330814197194052140e-01,9.158906679449020372e-01,2.389205703927863578e-01,4.252066397373709394e-01,3.142298920976505094e-01,5.411078282050183486e-01
2.286781987901577162e-01,3.916885388107868016e-01,9.122580916468465695e-01,6.486733489386853346e-01,5.314474167562566187e-02,4.224507723784921565e-01,8.682131325514672593e-01,7.550231771010814663e-01,6.664490769609299203e-02,3.407474834360477711e-01,6.290118920924108181e-01,5.192840562309172237e-01,0.000000000000000000e+00,8.616935787135181490e-01,1.474526188576003038e-01,8.286201249813488490e-01,3.270308284715924829e-01,4.228890044061006659e-02,3.371663460241650645e-01,6.053448887677270740e-02,8.535709643604797447e-01,6.681328916842115273e-01,5.166725523152023714e-01,4.646089257989122201e-01,3.251122945214479643e-01,1.449914379662931019e-02,1.005105734102604842e-01,3.550894955295813560e-01,9.968702427610309780e-01,7.147871149249165335e-01,2.420349898137470479e-01,4.901633809208336690e-01,9.726955405193749016e-04,9.237835208107991747e-02,3.116535397514699213e-01,2.691217054657931707e-01,3.086238484056487152e-01,4.235222779270116922e-01,1.020160851823248560e-01,3.728431621274442831e-01,2.833044076645019338e-02,4.866763283798203332e-01,5.684102848273046016e-01,8.061416095493104672e-01,9.682152480352566037e-01,1.673789950294582995e-01,8.747693498484598873e-02,3.279593767595867515e-01,3.739751759514930995e-02,4.684040828013765756e-01,8.417146923071250342e-01,1.281000816100325013e-01,9.977570345977719857e-01,3.071130976728667639e-01,1.547474891013296272e-01,4.463537552613924264e-01,8.837013274044349664e-01,5.856038083257112392e-01
4.733613714838136310e-02,4.467557188058959294e-01,3.796959016809182685e-01,2.610311811103578350e-01,1.111779878970158286e-01,8.369228757199309587e-01,7.974892432107369977e-01,6.047287147824581544e-01,2.327273559835030259e-02,1.671934831304561220e-01,7.374919171123056616e-01,1.175661860986484397e-01,8.616935787135181490e-01,0.000000000000000000e+00,1.444378733293378847e-01,5.293796005090120049e-01,3.605257022072204665e-01,3.809233642439290302e-01,6.955186266608357482e-01,1.336285847623442935e-01,4.474138762319599394e-01,3.707185557653305263e-01,2.874138874549175826e-01,7.612411561037668584e-01,2.915261429428666062e-01,5.501404128399421944e-01,4.160820468808028583e-01,7.332805876595974715e-01,1.293796696247807576e-01,7.624669919894950798e-01,8.877476893450265694e-01,2.254511171569884009e-01,9.107562303971662443e-01,5.858573445915346012e-01,8.539456642927567565e-02,5.306136165438157803e-01,1.323281537892240234e-01,8.927099210322748668e-01,4.796888484163752686e-01,7.603757762330295433e-01,6.985412293762882641e-01,6.934529054931944936e-01,3.516243700957133456e-01,4.748292152921484988e-02,4.032774476886509252e-01,1.596848951645795101e-01,1.957505628847285850e-01,7.362012206935804048e-01,3.375966233213525403e-01,9.303807014192936320e-01,1.034028913851824383e-01,2.467878897195213694e-01,1.516890893270411711e-01,7.870359656205648813e-01,1.012281565620075652e-01,2.640978199787388236e-01,8.479296991711369191e-01,2.969567095910204957e-01
2.729894480245036448e-01,7.796770518138897987e-01,2.825924744528652832e-01,6.948167285717308239e-01,1.555161428590290384e-02,6.172389341555269970e-01,9.069865672764344522e-01,5.880502875963977694e-03,3.065822833830412764e-01,6.664951718673467473e-01,7.287906053322357192e-01,9.063689708513272825e-01,1.474526188576003038e-01,1.444378733293378847e-01,0.000000000000000000e+00,6.343171802327973730e-01,8.777642103349906355e-01,7.022420400408001528e-01,6.609280776039385685e-01,8.523679738344018819e-01,4.167701145421814912e-01,2.321491003343112425e-02,6.719607356357746308e-01,4.164386312476409113e-01,9.932244302801642721e-01,3.675193816961449533e-01,7.636137767382589203e-02,8.144732163776141620e-01,7.359203939701581820e-01,9.937604373800886792e-01,6.129637408232969653e-01,7.089728176954543937e-01,1.113566881591665503e-02,2.860642099908170533e-01,9.738765826356321487e-02,1.685778466990730529e-01,9.092639332564230736e-01,9.947964697509907861e-01,6.192064610777514577e-01,9.064122991796890183e-01,3.190164379321719368e-01,2.049301350278611711e-01,6.957264223260888336e-01,7.806732041160203694e-01,6.562176017727983091e-02,4.338513127731280505e-02,6.493455011779858399e-02,5.323325154644391599e-01,2.034072795399937128e-01,5.214540903336900568e-01,8.013866367363688958e-01,5.677068662318640602e-01,3.993105477764247180e-02,7.781169432616515946e-01,1.276944992405681933e-02,9.156741472884768474e-01,5.206176204798408369e-01,2.500444053948254197e-01
7.283157684864476344e-01,1.219869935484962920e-01,7.086847383529101263e-01,5.024384565291397653e-01,3.178911766701731922e-01,5.475129648190929510e-01,9.796071487368204211e-01,2.486850080982057065e-01,9.858312471947747735e-01,5.080900173937339392e-01,3.361790312552495053e-01,8.453998069301591478e-01,8.286201249813488490e-01,5.293796005090120049e-01,6.343171802327973730e-01,0.000000000000000000e+00,9.491409815912288384e-01,6.305670055323314704e-01,4.042944983906521239e-01,7.927787080226346150e-01,2.345802386149383745e-01,6.451321161956938832e-01,6.356091383320452426e-01,4.687087539087926302e-01,2.253401926750820961e-01,5.084479864201816302e-01,5.024525101371818403e-01,2.209392312149583981e-01,5.806280289260803418e-01,6.896614488632117901e-01,4.472053571052816423e-01,9.781891479413096224e-02,8.228559034147615581e-01,2.548445525440422577e-01,5.573701891473016312e-01,6.826022665220716767e-01,8.989915209586629707e-02,4.923570092776999862e-01,2.937541758077927279e-01,3.513118552517352500e-01,7.718008091481574073e-01,3.653322830042038394e-02,6.597169768248276611e-01,9.400352046006198448e-01,7.478824419217167119e-01,4.322082960529294304e-02,7.559259169127838796e-01,6.627500113408959503e-01,4.265537194582261771e-01,3.276646839002278488e-01,9.567305148039884077e-02,8.363446442889692634e-01,3.524880329778135035e-02,4.603920253695178433e-01,2.491129862875332002e-01,5.253917357871585869e-01,8.885402846637968644e-01,8.916246703072348012e-01
4.709406261883365419e-01,1.303979655335271159e-01,6.822743851008462590e-01,9.541757715045786625e-01,2.560080911378237456e-01,2.064929334248349901e-01,3.868737249082125906e-01,2.195240443541071063e-01,2.032150392661161709e-01,8.150377470645331357e-01,4.498661782894913808e-01,9.978589715497789836e-01,3.270308284715924829e-01,3.605257022072204665e-01,8.777642103349906355e-01,9.491409815912288384e-01,0.000000000000000000e+00,3.975320506569333112e-01,2.853866344929090193e-01,4.701209749856982700e-02,7.410387550349828434e-02,9.732782278186624669e-02,5.970544349913103899e-01,7.510359306902998355e-01,2.737067104442268972e-01,5.021185328362938183e-01,8.199787460947089990e-01,3.287534584295803697e-02,7.547387115158288307e-01,7.944162929250706551e-01,4.121910464516550521e-01,7.509115024680992345e-01,9.616535594954689348e-02,7.873152546993430478e-01,4.305338973080831133e-01,8.349305469475228891e-01,6.720054344761460241e-01,1.648316971585339630e-02,4.041616286195608421e-01,1.099178843987790311e-01,6.419615558896962781e-01,8.758988105652827372e-01,7.323055448387236765e-01,1.854651238235477395e-01,6.904628618583702471e-01,9.202488512661098907e-01,8.309480239005573310e-03,2.098720068617626611e-01,1.191949315462316195e-01,5.789022292075992615e-01,7.179552663188017991e-01,3.366228092603884559e-01,1.337822102567987059e-02,8.677331510618092603e-01,6.858895106268809716e-01,7.898924150161477087e-01,9.560794865618550409e-01,4.673686821257132529e-01
2.568879980202600777e-01,7.375343602930531928e-01,3.555288609345254036e-01,8.445253542275374947e-01,2.312659039265594352e-01,2.027818268705708915e-01,8.646883411546051335e-01,4.171561866980592059e-01,5.150811681959602817e-01,2.233867110047050852e-01,1.599584479404581039e-01,5.807246706790969437e-02,4.228890044061006659e-02,3.809233642439290302e-01,7.022420400408001528e-01,6.305670055323314704e-01,3.975320506569333112e-01,0.000000000000000000e+00,4.161168298953566991e-01,5.030662076083703971e-01,1.325299765117454731e-01,8.335336164829013628e-01,4.945230951905968952e-01,3.565440577594576332e-01,1.674409083457106817e-01,1.201374315781719160e-01,1.716367335806679995e-01,1.610148990231430322e-01,2.923462845702373691e-02,5.386267604549255239e-01,5.846131375453899048e-01,1.570440582851233557e-01,9.425296971619896436e-01,1.210393391821791287e-01,7.996863484125055210e-01,8.010641806446084923e-01,2.057820061197868089e-01,2.571754132863124376e-02,8.593752251853561397e-01,3.733005433325171651e-01,2.380087220415338933e-02,8.397960292041476427e-01,9.014640306180909946e-01,2.865388714618986032e-01,4.365436242069815620e-01,8.561975240115121677e-01,1.949584676430088370e-01,5.058733367810936965e-01,7.923972696543115646e-01,5.484423929890867022e-01,4.431113446949574985e-02,4.800524084026630556e-01,3.510317602099367607e-01,5.717427810482470507e-01,1.319238259069166475e-02,4.707564865201622206e-01,8.683806204027219033e-01,2.840156062312237939e-01
8.423273453202432259e-01,6.074800969832150344e-01,3.977412419812412780e-01,3.252397707700382945e-01,2.046123342838934711e-03,4.421113332088399961e-02,1.712807046435634861e-01,7.651162660371875202e-01,6.050401276516792493e-03,3.341229349804895055e-01,5.124101395418743099e-01,9.407859981982208408e-01,3.371663460241650645e-01,6.955186266608357482e-01,6.609280776039385685e-01,4.042944983906521239e-01,2.853866344929090193e-01,4.161168298953566991e-01,0.000000000000000000e+00,3.302434779312614088e-01,8.846588345285254507e-01,6.692324393590717291e-01,8.012216838582139067e-01,7.337123640579845674e-02,6.344371409726845545e-02,5.934906817336013107e-01,7.619275198704634766e-01,1.974501571720530535e-01,5.241660771970718669e-01,1.033041859534490348e-01,8.257809915767966302e-01,2.448169358297048737e-01,8.571410983157572439e-01,7.062489288975197788e-01,1.014389448461661125e-01,3.810918561915924707e-01,5.744481488250957613e-01,8.787698399903229873e-01,1.689079984545077684e-01,8.945050375955899691e-01,6.994577471016583115e-02,9.140939902259263006e-01,4.682416853101456500e-02,3.070323018330042286e-01,3.771781546685892827e-02,8.790527069126620185e-01,4.382615219410690433e-02,9.034114653783616999e-01,2.431175439050281550e-01,7.369376938516978282e-01,7.219393470216517450e-01,3.357135780355522403e-01,7.047613727725440258e-01,8.330305397915219734e-01,4.497430280241830891e-01,6.684130775025021176e-01,4.137376871065465700e-01,2.004259974454065674e-01
7.859627794985032390e-01,7.508155485968177612e-01,2.231800504741243696e-01,2.763994071700794919e-01,6.162813483615215970e-01,1.345048337073343481e-01,8.031479516316381018e-01,2.295332416673647735e-01,7.843679508085361629e-01,7.449195867085730560e-01,9.593550556133781937e-01,7.223836811116899348e-01,6.053448887677270740e-02,1.336285847623442935e-01,8.523679738344018819e-01,7.927787080226346150e-01,4.701209749856982700e-02,5.030662076083703971e-01,3.302434779312614088e-01,0.000000000000000000e+00,1.430540166797226176e-01,4.968802185005878336e-01,1.808083435462237709e-03,9.039742703550591729e-01,9.066424384144615711e-01,9.388528386888198574e-01,4.722209949245670391e-01,4.040482512810307236e-01,3.105911749385110721e-01,1.254584353440567623e-01,7.286352375226268219e-02,8.571997695553530416e-01,4.724756159942067324e-01,8.574754788498247793e-01,5.421625708812560784e-01,2.364485529809544628e-01,5.309867493926289095e-01,7.886513559868554291e-01,8.577156388542470644e-01,2.526155623363707248e-01,7.457258716917747332e-01,4.109791838226496408e-01,3.179683524776547587e-01,8.864471067929678982e-01,8.458968184283593983e-01,7.562133109113533536e-02,7.214608423636648116e-01,2.613528835503579062e-01,7.537041859437867419e-01,9.972146799093406511e-02,8.540039425343574075e-01,7.467544790108098240e-01,2.010766195837898618e-02,2.225028531860808734e-01,4.948991620400718938e-01,9.915292761979537239e-01,8.238010699437692264e-02,3.461815392048122053e-01
8.112380633296025767e-01,5.369989450935231945e-01,5.906633257159875638e-01,7.323458079431847123e-01,9.137982463268509159e-01,1.267946219186760759e-01,4.683366159734988488e-01,4.291963422020678154e-01,6.623986628741070914e-01,4.345586847684974607e-01,6.015381835901847385e-01,5.755875781105050937e-01,8.535709643604797447e-01,4.474138762319599394e-01,4.167701145421814912e-01,2.345802386149383745e-01,7.410387550349828434e-02,1.325299765117454731e-01,8.846588345285254507e-01,1.430540166797226176e-01,0.000000000000000000e+00,2.897402042372136943e-01,4.395012521343333312e-03,5.311186521718400666e-01,7.493483784833027128e-01,1.608689912466063632e-01,3.792711917867974680e-01,9.500952707675670572e-01,3.927877192015648555e-01,2.706443838461231044e-01,8.978609111960066391e-01,4.631473534157518612e-01,2.726681182788641689e-01,3.757746326525259750e-01,9.171830865543932898e-01,9.621669437281372694e-01,2.860978455086896632e-01,3.273390404848010027e-01,4.110874848136946147e-01,8.451440859141394757e-01,8.304875231262013324e-01,6.535591926816789465e-01,4.342943293168610719e-02,2.644674541151488256e-01,9.314526312196010904e-01,9.569762565423600709e-02,9.958540225518874855e-02,2.715723309156650167e-01,8.885202094278121798e-01,9.199912811748339747e-01,5.467759729920558254e-01,3.516395062474313438e-01,7.061150791789805314e-02,6.986663459668688292e-01,9.319708195948118723e-01,4.512922286342996303e-01,3.636502520208199085e-01,9.160589383015910192e-01
1.410983144330135719e-02,6.286057594394571790e-01,5.012862369471265955e-01,7.719488127482261319e-01,9.487600620657147266e-01,5.963148269545081037e-01,1.491086479881342797e-01,1.746699466708263593e-01,6.853074305260348220e-01,8.651077030333350626e-01,3.755000762550797511e-02,3.841569137775195930e-01,6.681328916842115273e-01,3.707185557653305263e-01,2.321491003343112425e-02,6.451321161956938832e-01,9.732782278186624669e-02,8.335336164829013628e-01,6.692324393590717291e-01,4.968802185005878336e-01,2.897402042372136943e-01,0.000000000000000000e+00,6.204769713346836024e-01,8.639513693391874805e-01,4.044986585928511680e-02,8.670018327794549728e-01,8.859272930313570882e-01,3.725505753970295153e-01,3.586652713524887126e-01,3.797595389690846535e-01,1.419209658700429921e-01,1.247092725337644037e-01,6.340258914597226569e-01,9.645595571890436259e-01,1.571713866028915385e-01,7.938594183565114148e-01,6.225448990280342265e-01,1.719898366711778426e-01,6.092186808815147625e-02,3.782088346560893433e-01,6.804718026671064957e-01,9.134906674133591586e-02,6.910707605001876752e-01,3.971552196873771035e-01,7.084406158463880665e-01,2.408203394893235760e-01,4.009422715370933865e-01,8.341957331066703896e-01,1.844389384371534213e-01,3.273558401135749918e-01,5.963787687427554163e-01,1.426499688937375998e-01,6.163509335230810127e-01,7.616458756927954044e-01,9.416712744358459730e-01,7.133674102965741337e-01,3.983315488594040277e-01,1.837827731700150125e-01
4.562969958141614990e-01,9.035892420478590648e-01,8.098437413008420238e-01,4.833764202218387984e-01,2.704962518292268747e-01,6.180641480160803392e-01,3.983547841256021016e-01,3.216054586867380660e-01,3.203847519053252269e-01,4.429503727838204341e-01,5.125167212805717964e-01,9.112230975314788983e-01,5.166725523152023714e-01,2.874138874549175826e-01,6.719607356357746308e-01,6.356091383320452426e-01,5.970544349913103899e-01,4.945230951905968952e-01,8.012216838582139067e-01,1.808083435462237709e-03,4.395012521343333312e-03,6.204769713346836024e-01,0.000000000000000000e+00,3.072476932303719321e-01,7.198311900145277775e-01,1.801561495795716006e-01,9.790568542034040478e-01,4.132324611689239813e-01,5.040223865642696754e-01,3.820911734790259917e-01,4.602367709714316746e-02,8.875775047719386412e-01,5.789455100332299153e-01,8.424265501137666590e-01,4.607074745638159996e-01,7.537040937812030661e-01,2.643117135379501326e-01,7.135690804692904621e-01,8.856461649972174888e-01,6.662808269469121525e-01,2.042420430457542180e-01,3.017719205002132865e-01,2.381716920993214304e-01,6.456566802366208169e-01,8.205347292052308505e-01,5.859657508808248094e-01,9.239184857149642660e-01,6.690419483919399779e-01,5.452285102559384367e-01,7.398492262750048232e-01,6.477990122712989907e-01,5.370296640519844900e-02,6.079743483098762891e-01,2.298825653339922059e-01,4.509189472085963768e-01,9.243622781757492302e-01,7.716974159315672654e-01,7.263581011522401987e-02
2.951298300417186660e-01,3.237290128227277020e-02,7.007589765299563345e-01,6.093524486628398851e-02,6.209710811720094981e-01,7.675281986072919338e-01,9.031479907181819700e-01,7.548378165953195662e-01,8.100846793475914298e-01,2.665364350707544183e-02,2.372474368738207717e-01,7.438135503468777943e-01,4.646089257989122201e-01,7.612411561037668584e-01,4.164386312476409113e-01,4.687087539087926302e-01,7.510359306902998355e-01,3.565440577594576332e-01,7.337123640579845674e-02,9.039742703550591729e-01,5.311186521718400666e-01,8.639513693391874805e-01,3.072476932303719321e-01,0.000000000000000000e+00,1.889443874606492324e-01,8.549591466223460667e-01,7.782960263743581297e-01,7.356324749556539810e-01,3.448762452819909008e-01,3.826159774809045899e-03,7.145166538671575696e-01,6.695166998460833074e-01,7.641110883098858331e-01,9.389266888967677804e-01,9.789732426225131734e-01,4.171143294090464693e-01,3.643371238793969846e-01,8.306412459105139146e-01,2.459077799373782236e-01,1.775668816401299033e-01,8.871770260079681059e-02,9.392039126053006726e-01,6.972311809219409184e-01,6.958928438494481616e-01,6.871342288048742919e-01,5.961886720184768063e-01,2.554072119738211022e-01,9.900379977427097300e-01,8.315223611672917237e-01,9.924334660029732191e-04,6.646121506053165318e-01,9.306529953137445688e-01,6.534413171968949108e-01,7.524114782075730368e-01,4.577841677621321548e-01,3.504183448980575655e-01,4.633259149252423326e-01,3.735318643310113762e-01
3.090087250207970149e-01,1.825516957360655557e-01,9.055153459277830441e-01,4.497139241558022471e-01,7.633630542499852956e-01,9.251513652165945789e-01,6.680113938606063728e-01,8.088570124856864219e-01,7.140542331142767374e-01,6.536517427713990358e-01,6.866365381058207040e-01,8.907221209428219932e-01,3.251122945214479643e-01,2.915261429428666062e-01,9.932244302801642721e-01,2.253401926750820961e-01,2.737067104442268972e-01,1.674409083457106817e-01,6.344371409726845545e-02,9.066424384144615711e-01,7.493483784833027128e-01,4.044986585928511680e-02,7.198311900145277775e-01,1.889443874606492324e-01,0.000000000000000000e+00,9.991150087698471571e-01,3.747385609040474463e-01,5.075033512806880198e-01,5.536263548844686522e-01,3.122431533755125610e-01,1.615485500700609700e-01,5.251230747359543205e-01,8.123490829939845614e-01,4.308746881677936180e-01,4.004825112839064394e-01,1.037809220069821903e-01,1.551042293702267205e-01,6.986439270283661962e-01,6.521367681842294983e-01,3.404226720143092022e-01,4.627718972182344181e-01,5.792227121078339369e-01,1.892788837249188560e-01,5.282432282341265051e-02,2.414888332441816887e-01,8.364662503874875643e-02,6.883387286803877014e-02,7.467883560233673501e-01,2.104947871368197942e-01,2.007653124893338248e-01,3.183017488696079367e-01,2.861913623227398951e-01,4.747352816823433574e-01,6.303000816917493365e-01,2.443179351376630892e-01,7.117996272046704931e-01,3.928945951570750328e-01,9.533477449471143839e-01
6.330986544905492508e-03,9.099239247832272559e-01,1.896936731398695120e-01,1.876905560513908444e-01,8.316312685684391637e-01,4.950481330993249385e-01,1.823927141961642073e-01,7.109638361055914402e-01,3.468347896974677269e-01,7.666337587122412645e-01,3.345594642517906170e-01,2.406337589813741795e-01,1.449914379662931019e-02,5.501404128399421944e-01,3.675193816961449533e-01,5.084479864201816302e-01,5.021185328362938183e-01,1.201374315781719160e-01,5.934906817336013107e-01,9.388528386888198574e-01,1.608689912466063632e-01,8.670018327794549728e-01,1.801561495795716006e-01,8.549591466223460667e-01,9.991150087698471571e-01,0.000000000000000000e+00,3.175889999532243158e-01,3.691362518102647705e-01,2.712941074820881537e-01,5.868006416968168937e-01,6.662539571835048857e-01,3.416774088783557373e-01,7.958088425850585734e-01,1.799046574637491736e-01,5.571783490257031790e-02,2.813997379024477663e-01,9.127624377831525804e-01,8.337683377797581175e-01,2.495008021495106476e-01,5.223991283835117683e-01,2.647554329318879685e-01,9.149711851039311616e-01,1.355770149678018344e-01,8.213446163888160623e-01,9.355557950164583580e-01,6.350409261952664197e-01,8.150128751210935496e-01,2.615607307257014069e-01,9.318987485869248966e-01,2.632440454088770254e-01,1.861965222590080682e-01,8.236234258410968234e-01,9.904570648465348404e-01,7.360367437490226150e-01,1.275720648538646307e-01,5.234378989637441526e-01,5.449791260298764151e-02,6.406672009020613068e-01
8.740655186019312683e-01,2.271491099717360962e-01,7.828467497090014771e-01,3.840843130479688616e-01,5.292953718073922786e-01,3.138139882314372464e-03,3.524002646646771097e-01,1.422622396503128162e-01,6.130606491209821263e-01,5.440145973411584235e-01,6.512981365486264496e-01,6.746179137501008283e-01,1.005105734102604842e-01,4.160820468808028583e-01,7.636137767382589203e-02,5.024525101371818403e-01,8.199787460947089990e-01,1.716367335806679995e-01,7.619275198704634766e-01,4.722209949245670391e-01,3.792711917867974680e-01,8.859272930313570882e-01,9.790568542034040478e-01,7.782960263743581297e-01,3.747385609040474463e-01,3.175889999532243158e-01,0.000000000000000000e+00,2.409896160709761315e-01,9.513881096514621438e-01,4.132428300524849663e-01,1.928438282170694684e-01,8.503110066815118273e-01,6.358266950890957281e-01,8.995423383703478049e-01,9.705057327408251888e-01,1.864422071483188281e-01,9.260402345755912590e-01,3.265874791978797820e-01,7.330288531754234338e-01,2.844137667889607979e-01,7.397816278310598292e-04,6.593970096649500734e-01,5.203441157864484579e-01,3.614559350858009834e-01,8.506977739511927261e-01,8.736890749453446459e-01,2.955925187286043698e-01,2.934056159410832754e-01,5.142420484038020545e-01,9.015238578490358812e-01,2.081040800826872150e-01,9.947386269350542154e-01,6.858481577906865301e-01,1.100491439866372323e-01,7.218391078451921183e-01,4.137408488731544320e-01,3.509777912051903481e-01,9.361509593896533143e-01
